4096
627.259810 438.953930
-305.523240 -106.639764
740.367733 597.643152
-604.562665 -279.999661
52.389611 638.935537
-115.233183 -8.414629
-637.458590 -598.754329
544.802628 57.956929
-730.578680 155.983404
-79.351496 402.931866
-338.811330 319.670863
434.838691 -876.802058
926.774064 169.517629
-899.092073 206.468144
-220.569346 382.864472
-619.841954 -220.682638
186.870773 -794.476715
-826.343654 -819.104545
302.304812 -189.659510
862.469040 79.412157
-988.224810 -715.732942
-891.847427 -837.471277
765.238564 -312.117435
154.431402 -120.515572
-444.733795 -286.865279
865.879777 -594.997831
765.939077 -409.143435
-173.829561 -950.923288
664.748468 -733.133948
-540.338327 -858.711071
-883.854407 -640.955115
-695.766092 -102.605213
-886.687187 711.244705
416.522416 -498.624487
590.984003 -603.901933
-258.342667 -501.998904
-550.432847 503.259165
-489.229996 597.025401
388.854392 742.749453
-271.737896 -202.132088
290.927328 434.210861
-797.293050 -189.448593
510.525452 -624.688191
570.272628 160.576966
776.415849 -399.498461
350.569029 292.928353
-747.482000 957.219221
734.652799 141.968820
-605.504495 -863.440596
183.885936 -351.085590
-857.719405 549.228015
-270.605501 -854.416147
506.479025 -922.425515
-127.185414 253.050937
296.213361 -402.201646
726.411019 610.170284
-108.914908 92.752967
859.059945 -278.715346
-789.492133 -140.342265
380.449116 -505.892467
-516.385776 -457.209291
280.762325 -578.682506
-7.604028 -318.586129
659.849197 505.828943
872.201752 -395.400835
84.313511 -667.668296
703.386587 -560.834730
-47.746174 691.009716
596.350954 100.429076
-432.329598 256.658359
36.918532 -758.165639
-882.711342 224.399113
-315.510941 -560.299477
-435.641817 -87.145041
296.211154 -745.444003
-391.174159 -806.683062
630.437046 699.463740
609.972330 -357.871954
853.330169 556.317919
-306.159307 702.810605
12.298263 883.617444
238.134628 -586.389594
-2.892090 -871.002607
47.222023 -119.192080
855.954306 385.273167
-565.455028 -556.286826
241.303984 802.725588
-315.317200 -31.560770
-877.376637 -641.637352
25.474042 -849.207152
-115.667437 -290.251473
-637.675052 -374.606402
-201.663987 -675.841862
134.277539 307.445310
-744.652652 -348.412786
-311.107077 -140.153839
275.261475 831.879549
-825.852377 -790.945573
10.579358 607.500685
570.014874 566.611788
-14.085642 -781.050029
-63.543758 178.453870
68.437776 930.847397
875.220531 366.645217
393.153436 -756.870257
659.802257 699.064325
-32.003226 66.138417
-370.721394 857.501865
-825.773263 78.653969
309.844171 568.328110
224.930770 -893.647629
805.891426 522.965833
241.649124 125.388072
339.111466 -184.254457
-395.582501 -387.465016
605.133440 -46.384122
-252.473781 -725.058275
-857.981525 -782.820242
773.091901 577.524128
231.253042 -886.923521
-892.008676 -904.581814
-910.728164 918.638443
505.779988 -353.549686
365.248832 251.967246
-927.428411 230.803152
-325.332705 589.415756
178.074068 289.052022
277.246369 -958.862301
-921.891058 -577.835977
-758.739931 741.460562
825.725642 402.551231
675.801445 954.419492
78.919555 -687.385887
770.319321 41.846365
106.607885 970.457079
904.562711 739.920708
922.702287 819.783221
-894.404605 694.703440
510.654024 -262.858368
444.937392 -905.021313
573.491187 -373.827347
879.205940 531.251804
-664.511097 -610.450178
759.134051 -742.188362
-525.359838 -987.994632
765.216371 608.712421
-202.638706 -826.614787
349.729168 726.743133
-873.694024 68.618138
-671.699863 -121.234842
243.141806 720.868289
-226.023311 471.582923
594.864911 156.484519
841.109702 279.016125
309.756318 589.416611
-789.328763 450.085738
222.359741 -189.006093
766.900028 -311.939292
-823.925424 509.983162
601.282413 283.472791
900.598103 430.813904
297.623538 -69.805230
-853.774132 63.270551
-104.347585 -124.547704
96.246798 913.128356
-148.928277 770.818794
410.270141 931.250353
877.109086 -113.603928
-61.322426 -159.136641
-542.755807 384.090330
-537.015770 792.435127
476.195675 -618.491500
908.748940 606.503454
957.613733 927.565190
-407.387252 526.751655
264.959018 -931.770741
-530.495571 113.847444
618.291351 -754.053074
-516.054462 -471.405560
-545.944586 -270.536244
-485.139330 403.828545
-985.890347 -849.532489
397.885963 -64.773455
372.879858 329.361166
-882.288592 771.990958
777.088399 62.079235
597.997201 -713.444707
232.391794 541.245856
-9.940324 597.310764
10.953898 353.977462
583.084348 -963.468509
767.511502 243.817168
-186.466173 -742.286552
-373.593969 -540.184327
428.127142 944.749559
93.373698 338.122962
393.199298 -286.388690
274.952635 -141.449528
552.391654 15.579044
239.137983 959.869793
974.784121 -70.094020
-728.145338 647.994667
-562.959679 -140.515279
131.341173 -112.924634
-380.958077 -574.623450
94.173709 -43.482082
700.117065 673.421443
-105.668580 814.668010
874.614618 371.568441
865.711579 355.775421
-389.381607 -879.757242
-674.489133 -341.389466
-106.757840 574.771530
-434.492819 -93.102130
74.731473 514.713784
362.541720 936.941302
-583.368827 -673.074811
986.774777 723.140849
621.882511 -140.009275
883.872901 -648.994994
-660.840497 906.550240
694.170566 -762.317377
339.002223 405.954302
-736.173277 -927.057474
650.520457 159.679860
529.627664 662.723169
971.983540 -518.575519
-346.324857 -59.522248
-624.312488 391.476002
-737.181052 554.682266
750.017035 -785.187327
718.873654 -974.998166
-919.846177 407.492321
-187.134850 -420.572519
-481.225104 -723.709626
822.178675 -312.012781
66.918365 807.178964
380.172348 -980.062814
710.674805 837.130204
-482.183983 852.585051
-752.299896 6.777796
-394.945060 107.646690
-800.025701 -472.821662
-323.855696 -864.119758
-386.973966 -950.080589
275.105830 -653.487242
-836.731062 424.082243
-880.433105 708.854084
970.870218 117.195743
-757.243618 465.545407
739.397475 877.749291
442.192546 822.666972
999.341842 852.544427
480.312287 338.346787
-144.442478 817.199336
-568.651392 821.245818
613.815975 195.705052
-323.500217 897.346689
591.358522 -584.573849
-2.863444 -703.133707
456.112938 -539.570601
-992.071122 885.828659
370.691318 -333.221375
-720.009972 -764.527498
766.756638 675.156887
257.781257 -163.849657
-927.108319 622.123376
-339.721006 -732.956500
-5.053609 933.816590
321.053565 -899.349910
901.491082 -790.331091
715.655805 166.527973
51.446987 518.688231
952.017239 -679.809612
488.053165 -347.075131
-473.537506 67.422064
-530.399076 -661.460537
167.777334 77.627691
622.777548 -187.217100
-578.234586 -239.628256
890.166146 78.130507
679.648100 -447.701359
963.341284 -58.686213
444.604352 257.912185
-772.514368 814.605238
-694.806195 -459.174579
150.891411 -261.955251
174.278453 313.149752
940.975547 -920.548248
55.597673 50.912092
668.936215 -718.890374
-909.747841 686.530485
-728.372377 -210.193438
927.202993 -657.865032
-62.959060 522.967618
-137.731224 929.960271
-484.041303 82.253072
555.821535 -584.793738
-655.943036 720.516499
-977.917254 -688.610115
-824.430418 869.785373
-469.728329 434.110594
25.102625 -433.725138
-895.737908 365.769963
88.831670 469.764655
449.045784 337.266436
348.688392 208.269072
425.275057 289.369242
-420.391010 -912.027436
464.993497 782.808526
805.538827 -613.154791
-451.861973 -854.495070
963.837087 835.819304
-268.447080 -948.658228
-831.731899 -676.511265
-850.917351 914.839959
-658.982494 456.506017
449.283137 -722.031130
374.711872 -191.572060
-648.287118 125.729704
469.060767 964.727530
-661.568297 772.871732
916.998797 -418.176452
-163.708357 163.473605
89.121267 772.080219
-547.249054 501.983265
77.619925 -28.454187
-165.175718 -81.752760
-109.070875 -734.407304
-162.447735 636.221478
-826.571236 733.001286
267.547290 -503.111462
-276.320987 -838.799053
-821.614695 429.943684
-480.140207 -348.306246
-533.382648 -698.283882
-816.763799 -530.951128
-71.534210 330.360513
-289.593591 -472.868249
-837.123058 260.372641
-217.859543 -822.731370
-183.573273 731.707094
793.333379 -697.376381
-644.965234 -20.846384
366.960574 632.948873
284.011552 -661.769129
62.873111 47.786996
651.444984 162.051511
-903.907629 342.464110
926.468647 -26.334874
912.620295 -413.108957
-549.349374 341.094139
253.204769 374.922863
-110.140414 -677.886603
884.240362 95.508825
-73.393308 -837.342773
-794.722330 103.654114
-807.489383 140.555072
-648.161162 -850.822087
-315.037023 342.193134
945.059049 297.697197
-497.912775 -849.684515
274.086947 583.592244
-247.878654 -837.992744
-272.962615 723.725297
428.910690 280.509499
876.787295 907.387096
-570.319771 -794.170273
-439.228325 307.965968
457.773541 141.629444
-693.229735 -623.879033
-815.063415 674.330671
-466.631664 618.990964
762.052726 -747.734095
-192.409247 -718.613106
247.020023 138.603312
-961.967844 -314.498390
773.634412 393.928114
33.795989 526.442600
-872.353071 -963.520732
172.662291 931.852573
-624.069440 -475.555364
-916.437912 -295.902068
-857.471711 -179.698864
851.617340 438.177853
-195.116568 -936.562526
981.895005 899.649438
390.836112 353.363877
514.194733 677.834942
-572.374926 -235.389510
182.875178 846.131162
-307.345957 -982.302887
902.464867 -532.901660
-796.110863 -934.851147
300.586106 37.907722
-427.774100 3.394120
-654.179295 129.090144
-487.736841 -431.893799
-912.310820 -427.361815
-345.301828 -331.250909
149.974416 247.001510
176.799290 -18.428570
-167.892527 -583.730205
43.456385 -942.111876
-235.866432 160.944537
-425.750449 -351.807545
-391.381010 -452.811774
-349.257630 353.260214
381.104114 -963.699167
-982.405492 -268.980833
621.435364 204.757560
-221.311057 -226.415174
-585.526583 -921.961283
-398.188277 31.967379
927.526477 -947.922359
-417.045367 273.778110
754.352598 -53.910767
-916.021616 875.786039
484.556710 -793.216427
-191.260494 959.314632
777.888158 -396.043047
-852.497503 -329.831542
3.532150 -831.607866
201.360694 229.687682
-589.688001 -696.566860
-769.707696 -325.017965
-794.968933 -986.441808
-380.949425 -10.148414
-626.197217 -750.859931
-414.575739 484.037202
-354.877006 225.712957
-936.350015 963.506002
-789.054930 -583.306328
60.687889 500.608460
216.593880 866.303853
980.847626 599.599767
-103.268114 -981.763058
-849.367227 150.134018
130.263418 -186.268306
-274.467317 749.373190
748.084666 519.707674
-441.995493 70.641643
782.406288 680.808458
-657.790313 -339.198114
75.585501 -484.117091
-433.890301 25.181938
-345.090364 -400.698168
354.219303 -225.890108
-294.517062 -477.115955
784.709526 70.316809
642.548570 299.071986
-123.301976 344.077469
-463.248597 90.643632
333.187797 -626.183433
-980.986757 -606.043253
-177.845996 23.205786
-183.521991 491.395998
712.763162 -87.156747
59.735294 968.356434
925.398124 427.637215
619.160856 -166.760268
945.824831 990.475958
669.039634 739.004834
-806.787127 -869.415726
216.443472 -52.951032
746.903462 -5.395343
816.328523 -736.123109
-774.016710 -249.970630
-28.238792 -610.925058
-479.645512 375.626995
440.834381 -627.820736
-666.178476 -749.765100
498.565996 3.822762
184.604299 -52.772658
234.854746 -784.933564
759.134633 733.647614
940.892575 -399.193438
297.153176 -872.643318
-493.959825 -469.910047
705.190736 510.892009
772.258261 838.695426
844.853895 231.794865
660.730742 800.405933
-159.932783 971.966656
-82.640246 105.671014
573.002219 -119.985660
-259.962381 208.461968
-421.934033 -230.260112
759.856989 -69.086821
-5.822061 -543.235147
-97.901396 -130.476313
-617.795579 -277.298627
159.997549 685.090627
-189.188452 -875.172579
-221.057180 -890.952602
-596.843363 -759.148099
952.254626 707.764162
862.094779 211.206155
514.549828 10.179195
-745.993803 10.962373
-351.207466 172.853489
-995.227496 253.829979
-424.853613 -995.083102
-870.344564 -482.446631
-998.020693 -36.967660
164.756965 982.593520
920.185855 637.156154
-967.026728 296.288051
191.873292 -51.451577
-569.698081 -564.876359
-627.411268 737.325903
386.394365 -885.694062
235.316351 84.971621
-731.742192 579.757562
143.487116 524.724841
-982.314403 107.810965
-888.512628 55.039581
-287.041697 472.610819
526.069509 -631.336955
-572.795765 -502.969618
818.817572 -574.395480
122.448338 -579.696220
-26.654425 -603.992624
-683.913436 494.012624
872.609553 686.684980
-510.734331 493.908391
-965.547473 550.229488
804.182768 309.767919
-602.599228 -803.521828
-137.019821 -216.495491
605.836997 425.494497
-681.973784 465.594917
-613.463625 -563.469645
108.668308 -505.053996
907.495260 -667.875535
811.958123 -257.652265
76.084938 31.747216
885.466715 -630.678214
-755.081475 -324.916920
752.894478 157.179395
496.829445 557.142987
195.127353 88.180621
-258.540196 -444.391257
-985.854559 -11.238788
792.116265 -105.107811
-632.129036 -42.925253
728.107171 -313.706866
-852.008342 -724.583790
-685.782489 316.091728
-214.573967 -642.820153
741.932852 -119.695796
167.324489 -483.903485
-148.230892 -554.977095
-565.502171 707.255189
-455.868035 -313.215835
669.621270 -706.939701
398.667394 -886.997153
-653.576634 793.784081
297.366022 -564.333612
-631.668822 70.288097
303.004013 -12.867162
9.851634 856.888682
-524.268112 867.116186
-354.321617 -257.944936
306.372394 960.576747
-40.314590 727.083588
510.345878 811.809869
-155.003919 677.180774
-928.923713 186.792095
884.175492 551.666637
279.415898 -169.604440
-375.101430 632.716335
-730.500390 797.584779
310.781112 -23.447061
646.114858 464.293440
728.816763 825.623961
-165.429588 -983.670103
-224.247641 -11.835968
945.165761 -642.657457
166.248119 -658.010416
-247.452298 -975.386011
161.438424 589.615392
489.197069 -497.516840
558.592387 -343.228960
-706.511045 -616.436593
59.269963 739.683350
302.491869 101.304920
-213.617578 -893.937738
-752.974531 139.762686
577.190265 -141.179843
272.829871 -427.421670
354.833771 -6.543784
-422.496113 -930.453516
561.823945 855.163272
111.793251 -605.423674
884.091925 -304.336608
35.255712 -515.824029
119.250193 44.248601
152.938404 614.114715
-637.381032 913.719759
563.954823 179.153842
815.947641 -715.457541
-849.716379 227.999723
-743.893835 -57.073892
-800.992340 -384.531861
-529.345429 666.410891
708.127495 152.004403
753.451986 207.348739
459.516207 816.826709
-90.256947 383.125177
123.737825 -90.412328
441.222191 -573.623962
9.546430 -951.044269
-170.649823 95.440284
530.690991 -741.517247
128.949152 -446.210152
-805.204336 281.498853
-650.641957 -762.401550
-172.551654 -161.418708
385.814565 -624.011953
-70.920384 -695.104887
-652.100510 -760.144175
607.969159 614.379989
784.727842 279.146374
-997.647565 -35.025211
205.228680 235.944979
-429.811650 78.451526
523.963213 -458.977571
949.249429 226.026502
273.922983 695.022228
108.602766 743.094609
9.771497 372.044926
558.211422 521.344320
-412.689279 -443.850724
509.615791 989.839774
586.810009 -115.172512
817.272125 -683.137591
-782.614156 542.295152
580.091984 538.523224
312.330297 -386.609382
861.505830 -757.561997
553.927663 -498.413679
-117.367281 825.254083
861.779832 -853.011631
163.759592 -581.739047
-252.558128 -100.968485
-53.868765 -527.461484
148.037917 -331.032665
-336.681194 -138.460754
-695.258115 563.103088
-638.301119 -566.627221
310.033305 -353.844842
-441.902912 276.512135
588.137075 -293.874516
-186.987753 -148.082538
694.973805 -268.859246
-616.479975 -90.939340
-840.738831 758.914316
21.599809 -272.887882
382.745067 266.966206
880.087780 583.875147
-595.768906 571.741401
-196.911178 -713.938461
-736.650086 720.206379
919.720118 -133.515378
244.453963 -16.635349
-229.343150 -460.758596
-702.621068 382.119869
504.230222 805.493169
-739.126220 -320.602799
621.714530 19.685726
-167.282598 -140.010957
532.782739 236.658513
-872.028081 -766.556488
758.886592 122.244908
622.245418 594.768151
995.061534 -897.151336
827.200733 -760.020263
-247.509704 -881.687656
-796.246052 -345.772308
-766.295912 638.829071
184.986816 568.435056
466.162051 -137.755930
227.634038 109.356604
370.255199 -80.474192
-856.958229 -594.340265
-288.447157 377.982608
186.650996 369.597550
587.016190 867.745968
926.102476 490.924548
-752.903972 -280.655663
-216.318295 355.424208
675.598050 -965.021964
598.998320 -765.396652
67.241391 -219.606059
-647.132023 -216.215847
932.064523 -753.340967
-713.120397 579.035039
-612.964587 -282.686237
828.017575 -396.974449
4.311687 818.489087
311.132246 419.118697
735.366120 842.077586
-687.737690 578.292622
-885.091958 -462.332458
944.781302 924.926666
97.887446 887.090783
477.362317 679.780441
-135.918082 -84.536513
900.883703 352.219932
-324.091509 -882.637652
36.423349 -614.500670
255.009323 734.587322
-94.537344 -505.116733
-279.902311 -584.628991
-66.311365 244.874326
-780.218864 550.855125
134.811830 -60.927067
289.965013 -863.788899
-397.439350 -499.594257
-823.601613 956.473000
959.080129 24.709480
428.551933 -93.400005
846.842807 281.019651
-820.075672 -603.360191
852.886511 -96.314752
-482.948860 -208.237163
773.000310 -235.742052
-491.205593 782.441279
-610.544613 742.967453
-609.864016 -260.353141
-247.931742 -846.558581
-489.947133 -932.869370
-77.690347 879.258601
-634.845554 139.625923
202.908701 -816.740656
-322.226203 457.279596
-370.580844 -526.531276
676.681338 988.371155
26.120823 10.694435
-982.858281 -423.772300
135.558891 -171.718153
-915.831121 -701.798841
-218.168399 431.393990
335.209611 469.339461
923.958294 -583.334100
672.300307 130.997182
569.853757 152.766203
-704.841418 -658.316122
-786.172673 886.094716
892.679776 74.835062
-889.683750 -566.649789
-501.205390 -30.159605
-434.518906 -878.165641
402.073760 -243.262255
578.203062 976.983660
-252.499960 -71.594643
818.733006 -426.287195
-161.286601 780.549126
-504.343341 -433.631459
442.160378 698.963470
183.786451 -581.950984
962.714492 566.422365
-316.555844 -427.445991
595.877631 -188.530273
315.119062 662.537890
-519.050099 874.810229
-69.446572 -718.074963
-195.108416 -558.639743
419.638253 -539.895795
-381.964535 15.290428
-514.615643 -327.932628
-44.893107 -460.737955
496.218269 -870.838625
-707.972932 -608.739132
-341.106741 135.121055
204.832926 -855.697096
-245.679551 300.176912
928.718336 708.315988
-415.793818 -70.354902
-486.440335 735.543693
102.825878 -91.075058
147.691756 -22.104115
340.482618 419.680343
-580.737926 -648.478154
590.843835 -134.431950
-285.949937 -531.753942
-444.726809 211.927450
-699.376559 778.400444
-372.141208 -659.373521
102.796000 201.175492
-750.012907 -96.335882
227.285794 631.788449
331.065846 -342.242646
107.722960 -978.682772
-204.045802 -913.276443
-879.227809 -660.152420
620.176854 -149.069816
281.059364 566.286462
-805.507713 540.663061
677.596221 105.686450
-573.843205 265.822255
-544.775793 -358.828395
535.255865 779.086760
-861.002788 895.246515
826.158483 817.991244
330.112128 804.123396
-295.456099 -189.699576
-164.462236 -169.386563
797.455877 243.050738
-390.915909 55.689394
-846.642420 190.383486
977.310728 818.341916
995.946849 801.879984
-712.175643 -673.691981
-626.365437 494.257751
-63.225767 -525.961654
-662.341600 638.612247
-331.449016 899.393125
549.478976 -940.744331
-78.350789 -888.334904
-313.875298 843.825263
750.370051 -554.908097
-90.680577 359.229951
760.654324 575.448475
-212.033353 -272.920785
69.616677 968.359134
769.890943 -357.658710
826.092523 -17.088671
425.305800 547.558322
-588.217113 -568.586359
-302.713837 -990.985649
-760.351123 143.206096
-345.940390 -750.099048
-204.052254 382.998980
561.458177 -948.124781
-610.978002 -899.630830
-117.130792 -69.217106
571.809278 -143.950166
-135.337973 -936.411617
551.272744 -907.566839
338.430397 -450.157608
-722.043375 444.932368
663.617983 570.351825
-931.109262 -444.895632
-332.505813 -448.658921
54.508180 -882.663657
213.577814 -150.630431
660.835863 840.938299
46.166971 -818.271927
117.415124 466.670003
408.650338 -702.763969
-801.434260 221.743469
-543.894519 568.826641
510.496083 -132.501062
-905.478280 -690.001173
376.516137 486.906616
-775.638650 702.545669
-368.907239 -761.102005
-12.840643 54.295768
-279.065979 -579.292868
525.124347 -559.604297
545.747582 582.815814
-201.126255 -939.916266
242.426900 995.369384
657.127273 -684.889527
-851.018436 -37.101873
330.414845 521.692311
148.074556 77.970483
516.666483 206.700301
809.772520 234.135950
-257.614319 -919.722264
662.673981 403.462762
-567.796311 408.150949
312.897055 -516.653157
460.773661 137.234441
-444.170033 302.018048
-225.959874 335.158617
570.009853 787.879475
-195.814721 357.837844
195.868726 -18.853601
-829.436039 916.753493
-81.314343 -734.569011
-171.636323 -278.924769
-223.345133 -666.056094
329.193742 -742.659307
478.975890 -542.744178
720.106095 903.078935
62.622057 274.628574
-86.156723 -868.239979
928.939447 577.021370
612.531959 307.250508
-397.397978 399.320068
-573.433731 -984.930661
42.536398 63.514780
714.106184 -708.125408
-902.365780 744.641081
-733.662569 -169.776940
255.950118 -886.859662
477.877014 761.291280
687.160622 -711.207389
-491.792736 352.224140
903.370258 177.180467
-122.106131 -369.216994
432.501323 96.339387
927.514700 653.744380
466.467915 -375.014039
156.106484 326.594322
-277.610588 -857.204072
289.240086 409.654318
874.163255 89.614270
-702.913098 975.026444
925.815991 138.949239
160.159776 -308.330897
960.057482 -300.487809
341.914517 -776.205940
779.965209 163.835097
452.535165 -353.185141
-83.244878 -390.481240
-228.087672 -947.158906
927.542343 737.886886
779.466722 463.544194
-116.255647 571.036499
-316.798000 164.479329
565.234405 -981.555291
777.656330 -495.657147
-602.801720 347.645311
248.954622 7.463048
813.072775 588.991192
552.358211 698.637832
151.543076 -514.194297
444.017576 -211.776378
-662.184047 -279.394632
-958.050696 581.315726
-270.231906 538.440938
-558.013737 -884.862602
-373.256887 -633.822286
-357.998749 334.225209
298.536283 -189.573384
455.064873 -146.559352
931.662471 -750.861515
-874.490436 75.929216
878.946543 -863.585283
-429.189376 -10.267384
-894.482715 475.607878
-477.269088 -304.654764
-740.108252 587.087514
805.317097 697.386156
430.182718 252.578936
375.292425 -225.108413
-889.933219 996.167703
359.052896 -11.626538
-300.098816 -204.455912
488.636680 268.716655
532.832709 -759.386600
302.914621 -440.504303
611.694292 529.990783
104.173513 707.175622
317.567418 605.749426
-912.036752 964.238708
794.250230 -788.823146
-530.660040 -581.004705
464.606024 729.594250
-549.277366 452.255795
-207.396460 643.965665
-894.590774 962.481974
539.176431 -81.371957
-314.858361 2.216497
-133.846213 17.588613
-644.316059 -79.582335
603.102858 796.472405
-711.575614 193.594602
-628.076964 -225.720175
-986.436583 246.996570
81.840160 316.134652
-983.029811 -53.775637
-223.910150 638.971619
-123.001414 366.925350
697.523943 -18.825103
964.863800 -511.667146
721.514707 424.096076
-58.746401 -461.045100
347.494909 -247.372056
-313.534982 439.055081
384.225235 146.037062
510.604636 321.000018
-1.177747 -589.049154
248.375370 409.465285
-500.156643 537.105212
-109.544846 38.662572
-122.654048 -261.601819
-649.355776 45.114879
43.583261 765.825506
838.004361 772.994517
99.718072 -374.160655
-489.331832 804.929838
-521.684318 -506.421941
877.278755 729.250919
-718.863348 111.635716
-25.813182 830.192724
-155.483697 -659.181444
66.015385 339.885098
-704.912877 -597.537909
-90.661826 -114.915901
-551.233443 937.187538
-485.366663 264.364950
941.102654 326.063641
-940.762939 743.850071
-845.976417 -978.196804
-872.251145 -82.257082
822.761611 830.039307
162.909949 -282.651652
-815.485194 -564.164681
-696.177997 -803.364508
-303.986205 -336.992091
-643.697656 851.340625
397.791018 466.402282
-194.890226 880.693577
-319.812396 -783.288861
771.901098 -409.779610
313.510388 -71.093652
931.754961 385.077051
-617.740868 42.027877
-286.760710 -307.709933
-489.182002 -703.477238
-805.754878 985.927640
834.235967 942.622874
211.179120 455.440175
-311.201658 341.054310
547.197136 -239.801977
251.635327 -964.037979
-498.014059 355.532202
-885.008510 26.175180
257.122072 -932.955539
874.118543 257.469323
809.417635 -339.945707
901.031203 627.152407
910.707630 419.111051
966.723339 338.267958
201.466261 -340.233001
110.441105 -340.876648
361.561632 -611.509699
-554.328258 -738.275820
846.108015 -175.195805
-820.701001 -437.760934
261.581969 -391.186615
99.149065 333.322405
-663.841867 -32.996850
527.118853 47.088656
589.206677 -161.902969
-601.865330 632.234004
376.554518 819.658362
-810.501608 11.823142
-271.163229 557.966899
-702.146048 849.343180
285.155662 828.370757
958.815784 -470.809919
-285.423015 681.251700
863.695255 559.937784
923.555704 325.421699
956.052997 342.156217
356.952019 -727.240651
-887.581536 254.238865
180.475742 -320.327133
-850.282587 -926.150937
749.149903 -270.429270
73.752615 -812.228789
-865.650338 -599.758062
798.072273 997.403290
240.278288 -536.334528
221.281216 663.060404
-863.680508 508.245925
818.489763 192.736282
571.892340 915.938482
477.586123 -861.242162
750.381563 -555.772175
65.279131 344.857074
-325.676417 784.304539
544.731501 672.430295
-325.450753 -824.670972
329.075587 736.264457
322.664684 476.210352
-606.979823 661.487708
543.930982 -426.622492
684.392439 865.507321
-687.161459 185.449850
-884.219827 -112.533129
541.273946 278.572224
-13.708460 -102.609385
-491.670207 -760.004065
-419.281317 752.375800
-259.285678 -845.137116
592.302582 416.746241
21.598695 -20.916175
-191.542139 327.551885
-903.428772 385.655755
-446.137954 -21.159818
950.380822 316.397696
792.116759 -708.495886
728.134553 -881.528208
283.357892 532.993547
911.625002 -727.421189
763.506626 -778.211416
709.675794 498.612073
-96.913270 744.798169
-912.362321 -50.378307
623.990723 -105.173119
440.896248 890.421527
-767.980646 488.574625
66.650042 501.743411
815.822953 -326.092053
465.699629 901.058398
-851.619186 778.224572
-695.808874 19.396706
-89.611663 -500.165334
-520.647058 -20.879000
-661.990891 331.127900
384.419769 -799.705609
480.382030 654.937619
135.247599 -75.545716
-678.393146 643.901914
854.298005 594.884065
-694.327562 -247.421120
-280.142872 -973.713478
-9.398042 -39.273818
23.176548 -813.126459
465.080518 -433.490256
-539.171620 21.044110
-721.530327 -911.718491
655.654065 457.019341
-852.753661 560.872240
-776.167760 927.169700
-500.208279 117.921806
343.306037 830.848811
973.006595 279.244835
490.269652 921.406914
714.748695 -271.913908
-986.965433 -613.061076
-51.822450 -558.512370
-368.000936 272.548965
-859.863758 202.732094
-166.849824 278.652756
340.653056 -820.258763
776.408963 -465.277011
-621.243981 397.788675
173.629682 -850.648393
370.801394 586.456535
-950.818548 588.769032
251.804646 566.079564
-854.390959 -711.401869
344.200984 128.153741
-474.312684 606.431306
814.488892 -202.661785
-93.203647 -326.788544
-5.049314 35.811657
531.933053 -872.427128
-837.789568 107.851138
-602.418494 -358.755362
44.841972 274.082211
-338.559928 616.920232
291.022160 -493.353108
-692.645861 68.638571
-6.415908 -509.925697
530.441994 -827.424877
990.159812 -167.992672
-984.551176 -169.683342
-331.142920 -580.190840
907.225256 -804.253422
184.134922 -46.456666
786.034058 -743.005909
-345.807733 988.639175
-812.793134 269.277172
-212.025865 -77.286470
-164.086517 671.881979
-801.540462 425.310347
880.862922 -540.907952
-656.012024 -841.206768
-438.027071 362.800288
-6.562417 521.842525
564.538554 887.725409
427.336623 988.668302
-889.482914 -719.194835
466.040783 888.616679
-815.024464 -427.109115
194.084595 461.624748
-786.879628 579.029038
-102.281551 233.709615
134.499307 -935.280651
-587.069129 94.901865
799.600525 -879.067574
-295.952777 -834.960364
702.184668 -554.405830
279.575902 -981.446208
-568.193485 -569.517485
-658.884911 -138.052616
-474.354341 -739.709524
452.302103 316.363428
333.974569 66.075576
-990.749706 97.991906
764.725260 986.195281
-513.715238 927.628523
30.552543 837.116349
79.129911 -773.006025
-418.614173 608.981773
585.155818 -525.624591
-76.477385 -633.216605
-510.618956 -107.277876
563.788137 139.265996
398.388671 167.681594
-276.719157 406.027878
593.200899 -365.089419
838.898016 99.478506
517.087945 261.905981
-516.938438 -729.835509
-895.487117 -162.554009
-129.943599 -212.725699
234.542958 -155.136626
-899.640662 -201.008506
-217.580061 449.081624
-269.818411 -31.628700
516.985414 -390.790665
5.034519 -42.567534
-69.809502 -919.259338
664.263328 -145.672227
-301.060027 -304.957258
-437.249418 -511.813266
69.455027 717.008818
141.222821 -834.046060
-206.811655 -533.964165
815.933253 693.857868
-604.937780 753.028252
185.350947 -167.941265
834.278266 755.490151
78.063492 -921.154044
280.666034 316.900363
-216.991148 -563.997214
-350.645263 191.320312
477.025863 -390.646990
-11.355121 -204.216934
-860.319655 31.529087
15.428581 -555.960622
-744.620035 -451.122316
113.914539 28.152840
-897.346107 -957.897616
914.231003 -924.784848
353.465777 -157.403813
966.779232 627.562707
326.115822 -376.623236
-375.219104 -328.169666
-453.822653 661.901585
994.613986 797.595713
476.743107 -122.398368
-246.207748 82.751590
924.087272 -495.225087
414.085052 -596.978230
422.762131 146.552551
753.815081 -995.902676
-988.347729 -318.326221
313.991133 -131.150907
100.913089 -767.310978
-492.407523 622.355127
-181.492652 529.099101
0.633690 921.742705
-133.948510 43.617872
252.535307 -655.975263
351.953840 -96.925664
333.796005 -608.297169
520.920548 -170.991709
-504.784813 251.481086
985.467784 -977.780048
210.100821 746.021201
-216.552035 113.121870
-755.556321 -466.160597
-281.197026 -342.214659
909.788883 412.577801
446.154562 202.148156
-404.690599 70.063767
622.998743 -74.780848
572.418016 -808.323435
220.924448 -42.456202
926.573284 633.076856
807.741877 -280.095170
-167.339835 669.061853
993.832519 -0.014016
-453.706959 747.360953
871.545137 -12.207657
117.921200 948.199380
-632.721754 -158.442698
590.146759 614.319770
459.890010 708.205345
879.162219 828.129070
379.816919 -950.225365
-347.694959 -516.912053
-542.394074 -0.995349
-10.032364 293.907912
-401.731664 -462.446129
176.733846 -95.249942
34.756570 761.260987
679.620046 -865.692145
-952.150952 391.554676
-138.323157 -798.188242
448.553093 31.377696
111.634953 19.779215
896.799616 871.955973
150.200332 -105.403180
664.264396 -256.119006
853.001207 685.833223
-138.864289 -288.469163
-993.203521 -793.871544
-97.824594 845.668115
-464.638669 -721.961753
894.509705 -641.576177
-446.800318 -21.876496
45.585225 -248.296171
-284.484541 -565.505832
719.441357 -981.113657
-44.147771 708.078991
-687.353375 863.819986
-282.995524 -723.954154
-876.423818 579.291690
980.388614 149.917285
293.138233 -115.879139
-331.562189 -341.789681
654.044312 750.926022
990.344981 620.093804
-835.828755 664.360222
370.078459 -802.301038
136.904823 347.492229
-528.812012 288.644618
-668.723161 211.144620
721.008645 672.571165
-55.830411 -644.118482
164.988428 874.224258
-256.657469 300.521647
532.376578 -34.473915
95.029398 -151.048648
-274.155094 596.529107
-310.333414 705.261172
-995.412395 -216.201464
617.367865 -991.219911
-332.903444 -837.942245
-333.773800 -1.906994
896.168906 -533.397270
345.956828 -315.750569
-484.308256 -702.890297
396.269280 845.388725
651.369462 -31.969566
23.532784 -339.865320
49.988138 834.626418
-715.242255 -648.905089
-221.975559 528.092553
-907.279122 739.540098
43.551786 857.562242
143.103765 199.033960
-270.270987 -771.680884
-466.068269 266.794796
33.808995 -97.375040
194.108560 568.892669
814.278666 -482.454207
877.593413 905.724404
397.041227 701.742416
112.995053 -599.704903
68.747020 781.896882
-618.889907 -672.616853
-361.573510 -714.325358
595.852481 610.904903
-212.342994 492.655585
-389.758896 395.034226
322.736354 476.723746
326.146273 165.053379
884.771382 367.985841
20.377839 -303.419101
793.882616 525.811608
38.294603 -718.963877
-198.843141 469.852408
-128.508884 -868.323903
998.093224 -843.456480
604.885243 465.026500
884.760976 549.678411
-950.732071 988.693869
544.792191 -467.287798
41.756424 -17.498304
-312.309409 641.500940
111.530463 781.411864
858.001475 -395.540976
681.192908 -446.822609
804.436708 -446.202227
-920.201983 399.288772
280.002369 -749.779803
-678.466696 -7.272641
-947.052938 314.056537
500.401659 -435.011867
-57.313057 723.168813
-280.051709 -751.180474
-737.002088 272.841973
-343.915807 -852.528897
-439.701396 403.965765
-500.184903 -875.090323
530.340519 407.763576
966.392976 379.879665
-945.653038 -972.889097
253.397360 993.518263
-173.965421 -196.032762
-62.196289 -250.313817
763.048085 -561.071952
-319.169074 426.893597
-134.521363 -780.508047
-614.260595 298.045059
-501.164871 -225.964892
578.326606 759.100556
550.742445 455.347527
-340.080554 -800.118129
613.511688 618.662160
-69.902199 -606.190123
61.002525 814.483738
-563.487440 -285.423419
-868.960737 -342.482982
740.312635 415.853879
-4.492325 -667.756002
-901.856936 100.076673
-628.832839 195.922120
-988.894959 -838.659945
684.315017 -454.614320
284.094275 -426.948961
57.048367 111.080637
363.373168 -47.713623
-620.336137 95.234844
407.228652 -776.155058
-727.429203 -662.677759
-988.072909 -721.701248
489.546072 545.701775
-973.816923 -320.210216
259.715152 887.223974
807.377258 -650.361030
-239.105427 -103.075459
302.754358 562.589774
-562.570368 343.953355
851.893996 731.099984
-349.377987 252.670174
-576.704037 698.533163
-201.621402 -721.338006
-338.152496 -692.547503
89.094035 -140.526417
205.569347 698.107196
146.219028 803.243848
-980.373709 195.947042
94.476628 -436.957584
-117.829799 354.206063
307.679279 997.428094
721.474929 -538.274191
-581.358771 837.243910
403.628050 341.996319
-274.403822 -28.642293
-358.100408 -693.731290
-664.805417 -358.720717
728.806448 647.794986
-196.646380 297.695018
-399.321809 -18.150612
441.164861 -360.665020
495.729400 -516.473435
961.412132 -628.128888
131.004903 297.431739
892.984634 -356.488725
756.841091 -843.290740
-716.737746 787.814577
-647.370203 -927.082197
-823.663529 -75.607034
967.312234 -563.750743
-491.195412 -311.851504
-291.475161 -765.176898
-371.170253 54.141559
238.208797 -359.482539
-270.476984 -534.346330
-76.669461 -341.341675
-798.739031 -224.180933
-426.376562 958.826577
858.936382 -635.215976
389.104987 704.409338
-340.385567 522.517025
451.940632 201.476630
-347.364057 26.984314
-868.795607 -826.564607
-762.852434 293.011350
-278.254752 232.534406
176.350963 58.615317
-562.445313 -795.888723
-114.569196 299.784925
-453.069600 -932.388382
450.550010 -231.775649
798.902201 -685.896483
715.647759 915.886512
802.218470 108.303928
399.647861 667.331543
-746.088630 -440.997545
224.801256 -770.174731
-591.862771 -934.514553
321.947157 -845.728656
-668.202205 210.210747
280.366644 571.366732
-575.852139 -12.939340
-109.070218 -640.165120
787.095094 749.338445
-689.430945 -282.765015
-28.198307 143.474352
-4.316314 -293.769811
-619.527066 326.794320
-47.478730 -299.421842
660.773144 -976.907664
-792.666528 -840.654529
991.835300 -576.415375
548.454360 413.664187
-802.284351 -560.211305
151.595751 462.830936
217.309351 -762.598156
-537.908562 737.228317
424.579049 -188.992627
502.893251 707.549191
-552.297128 -758.562830
347.323932 723.460196
832.829080 386.894048
61.526948 -639.255137
209.126641 249.564674
358.584547 441.063964
-387.192950 -918.552194
867.694829 -788.250257
-217.185767 -799.368559
240.298415 -1.604273
287.655836 288.470215
293.984323 997.358437
-895.449057 975.641243
-233.682721 99.103365
445.000860 82.255852
692.471956 964.949578
-326.790849 -560.771652
139.902099 -938.056394
346.912311 -334.025705
-20.929865 106.887638
-414.579873 753.271016
-713.433183 -690.467437
813.577150 -355.977267
-438.855244 -378.515313
-930.345710 156.989016
926.210973 214.740194
193.901074 -171.120926
-922.232699 661.696837
-73.990933 -528.622580
-250.306218 -560.985119
-910.560198 -513.077976
117.792399 -832.150957
-937.161669 130.073301
966.313909 353.991365
-275.732233 230.265073
831.624079 -75.413329
-841.076705 -42.774065
472.633253 -482.764701
-839.099345 -139.733131
-646.443258 712.075786
-796.402126 -682.633335
592.082926 -482.434581
629.207852 -563.312957
572.069772 -670.311772
315.134324 113.666583
-838.624676 -229.513389
645.331289 954.816707
842.777367 272.082549
454.185928 749.703109
425.501789 226.706734
-921.645352 105.301352
-918.740508 -29.898022
-77.865584 402.610810
-274.895958 -104.897561
383.367763 202.110139
-513.199695 -557.354263
-873.519543 835.324109
106.932593 -523.152234
587.316704 649.292333
-456.959987 530.055709
-909.067689 230.597950
-444.940274 -136.312980
885.567060 -679.140064
-935.724677 295.526018
-265.194966 -595.232528
438.444998 -702.188042
408.749824 686.057601
594.715863 71.969881
268.372938 329.850867
383.495668 72.515472
-509.969317 682.497607
503.938991 -665.703220
872.122093 -18.700351
128.982433 451.774181
-356.330452 350.086806
-247.808824 355.476125
713.310966 485.437863
-32.786702 615.547307
-963.430423 394.700775
618.088777 -684.813235
882.293858 -312.015858
664.874636 614.969289
-761.900955 850.671434
-785.677291 -491.287339
184.389311 -536.204731
610.940617 692.737242
266.684013 148.748031
412.139339 93.130041
-417.502737 439.900613
-384.686053 -449.069700
973.296950 962.153041
-553.869878 670.671747
-203.864057 -617.176284
-229.664189 105.378581
328.993864 224.803775
-55.584834 882.532693
-956.869968 -765.794147
-399.380051 -645.686824
309.663963 489.903814
-246.839853 125.853250
-247.301139 -47.757461
-164.634445 523.699326
713.690324 293.563119
-856.709283 -934.674540
295.941901 36.839161
-886.497062 382.453308
-567.932210 309.441870
331.015340 -840.924441
2.332489 -75.935112
442.463945 -890.654926
-637.296012 456.977404
-8.984094 580.855418
-107.759784 702.535801
-661.954044 -306.342540
-849.815514 -373.531259
-452.697877 -374.192683
822.471708 466.372881
55.595779 109.375326
-262.603397 -252.325223
-253.413316 -375.074126
163.075967 326.209547
455.672163 30.905950
187.997011 148.542150
-156.311381 896.635040
-656.705209 693.041867
-60.425941 339.643045
-590.551350 -792.702355
-621.651418 847.217662
374.978562 -146.257250
-977.073425 -168.438313
470.132802 -864.784758
-439.276746 384.336998
671.657966 316.147518
-174.814434 953.179267
284.374092 -632.998199
-184.406934 -89.063279
-658.733020 569.199937
289.484400 454.666871
918.524846 103.510324
-65.671227 518.085640
239.736577 -653.601891
-952.734535 376.412009
560.643406 471.437820
435.303108 -520.150795
-152.897060 650.920424
-758.545249 936.483251
-900.861794 -408.538582
-463.468398 -380.032770
517.982340 804.842446
168.580705 -642.138442
346.317291 327.684640
-865.759250 -409.863677
-744.814199 203.008836
-692.710025 -684.918115
-797.842825 -792.972501
791.657909 502.419858
350.640913 -0.263482
992.416794 -70.780797
-12.039393 9.083020
-92.524048 -967.271279
-842.391098 -584.818093
-190.422717 -519.067376
-190.751774 -265.925628
340.589352 -529.453350
188.036201 787.376657
-740.192934 203.920461
-109.899371 -900.135403
-980.566458 -898.097858
-585.129185 -520.874888
782.362212 -849.491433
-112.688730 842.339014
474.842003 -256.760789
235.845809 60.412927
554.395093 136.284043
114.846395 735.908055
-472.132756 -80.507580
108.709205 595.474608
98.746199 -72.641083
-59.083819 -300.369356
520.308421 750.745774
105.799790 -769.343895
-899.794821 496.451631
-131.690931 884.915611
90.803833 551.525399
632.246428 130.131030
-568.162658 867.330178
355.314682 -791.590697
748.537747 -437.009566
772.177410 -151.948182
-907.339336 53.639207
-755.814906 -236.670221
-808.870334 337.069332
-322.061589 -311.012941
121.446551 728.788205
-632.989451 -148.001482
-255.350571 331.129594
-381.994622 -296.919057
-730.440564 -535.276714
-778.753275 278.166886
178.845192 -435.825450
194.349036 -456.274380
940.840361 919.084765
443.242742 396.546415
840.962050 -697.764939
-184.074811 409.236724
902.411990 -347.585190
733.247163 -554.622123
-751.308296 -922.824969
-800.958605 600.009501
157.548898 -645.088344
32.226885 -915.996438
377.025764 490.140371
958.070278 -724.924819
512.940783 139.609638
638.220088 -663.181635
-661.381524 -716.540666
842.020014 724.810130
688.040079 -590.984925
-461.169354 493.458902
788.704543 542.528534
-454.602622 90.114265
643.198055 -453.184987
117.761229 -392.885745
-162.055016 347.825699
270.133841 560.240696
-244.082479 937.787392
-364.521563 855.251710
22.807909 -394.792937
797.063123 57.577743
943.329134 -142.784112
849.377340 242.039664
227.085942 -436.912854
124.985632 -579.871102
-777.090929 -602.198139
-612.771033 599.682620
563.275596 7.896970
30.083004 -44.940236
-948.248165 -694.073462
892.950997 -550.608284
201.423762 797.933490
729.957451 -281.369607
404.482538 -707.226746
-611.212691 -70.783887
54.346315 590.317009
-643.203471 -969.944942
-500.010153 113.088338
686.223193 -122.903294
-382.859945 928.128507
343.830961 512.002699
-558.247859 76.565304
202.962621 -897.426215
-657.201521 -97.907305
380.485678 57.644687
-85.960432 -738.224584
-701.398373 831.422830
-937.836588 -193.317281
388.550028 658.388868
228.026345 -229.475437
411.866585 501.270761
20.560087 -107.439078
79.741986 -649.892684
332.039500 362.778932
-683.357757 -638.624150
-744.545613 498.678752
128.279738 581.557584
329.581349 538.183958
865.118634 12.578117
-104.785883 -90.816406
516.950915 212.286807
-519.517551 400.354721
839.950977 70.111885
101.542822 253.756855
768.559843 83.544728
-620.236258 323.537539
-216.643917 584.692471
-327.394765 740.625011
261.188452 -823.899345
-14.479336 366.761474
26.622895 877.978456
-910.361162 473.659108
-107.884581 -775.604366
-98.267470 -743.506247
289.475955 3.747129
-294.706743 -573.100792
940.588017 979.624592
-317.333663 138.296632
-165.014267 304.780234
-343.112571 536.792632
-810.726359 921.808649
-760.434492 -173.936982
112.919798 -944.062484
884.430315 -600.189960
-817.728182 -311.856605
6.486274 -125.429779
19.983193 4.708067
-615.134626 -746.661397
-484.020409 -850.047487
-659.939147 -850.009513
856.260853 -331.244618
-150.294989 172.643687
-5.181361 204.513562
-449.876889 974.790664
-547.581614 -417.376104
-323.568985 991.794579
-280.600242 333.625464
-580.779422 -949.897690
-479.748718 -510.431374
-184.812501 309.827807
-865.644952 659.679942
782.017057 87.192411
344.746718 -897.709483
-629.085170 -804.228599
482.892031 -689.711618
-793.064573 81.046430
-741.937431 -816.496285
688.551527 -374.542956
-446.944062 -767.790075
745.213471 -677.209299
783.551198 -535.873817
-599.267599 -409.770554
769.173092 -685.580812
425.062809 -412.634014
-541.035548 -855.487396
398.606498 275.738887
-362.974880 560.167730
147.610193 309.676959
-482.903315 632.001673
-378.986434 -662.065230
357.506147 -84.591697
223.186697 30.599438
710.125239 956.526835
851.065266 -532.852470
455.916184 -537.409334
558.704754 -202.201429
-292.575476 32.078675
960.190884 525.567206
411.232697 -597.553999
-653.873943 906.807861
205.636154 858.957076
240.355737 -616.978316
-440.647684 -433.837610
-354.696418 191.270916
-688.178822 -877.255616
158.438601 -836.789725
851.308041 -333.495051
-311.421202 -610.929358
-50.205552 887.186552
-19.201107 -111.683685
-284.313282 -642.522850
409.628193 -400.210255
-473.083981 -301.068544
-590.702838 159.216097
-181.740536 -445.467065
-947.205106 428.485758
-604.542301 -15.922220
364.005283 -81.503952
-643.364592 429.687014
427.101817 -64.801524
27.776392 728.518122
30.915885 942.950598
-171.321765 301.733979
609.011949 575.356614
919.957497 624.256096
565.923242 852.876224
673.137688 -376.693520
657.624034 -202.897673
521.585805 56.049185
-396.463161 -728.724708
-304.960778 319.432106
-90.951914 925.691936
-550.179639 885.490360
645.585842 30.897886
791.121695 -330.580823
280.337760 -373.318999
-876.795651 -379.427297
491.049797 607.722241
-581.596280 -651.830698
-33.877646 -936.173216
849.283627 -256.816781
360.126834 587.058435
-819.070713 -91.569504
939.974400 -69.662070
-387.373992 -835.970414
-717.357579 -422.003436
860.624725 320.259693
345.687561 -284.639904
-909.881574 779.459873
-240.057424 982.194787
340.853700 -558.750877
-269.305193 -471.314182
-605.901810 -733.881747
-363.528889 423.735712
305.823822 133.118620
-546.647592 -759.396760
409.779321 -835.484152
-797.650859 930.971960
-378.112067 218.907844
879.993523 919.023332
273.348474 851.740031
443.398770 416.982633
149.373124 54.305018
563.686733 -274.943606
-954.696594 659.470061
554.739751 -665.802753
118.355211 -948.937850
900.772295 215.731791
-488.018952 -534.664345
-831.197947 873.744943
803.247035 957.937798
-123.401197 788.885894
-973.476074 -218.262085
-312.114933 -547.682755
-773.918142 773.485868
-487.572365 -413.536650
66.332166 20.640976
812.447274 -884.260104
-723.411963 499.486477
-748.231270 -985.466892
-382.494837 -123.492189
513.093649 -839.262680
977.505431 -914.698545
15.959931 -641.644816
-695.937135 -137.742225
506.470779 -487.992231
528.719137 666.801694
-120.210641 -250.745681
970.951876 -837.755681
726.095175 416.717336
931.667471 60.295390
-549.853532 -160.329402
269.000300 923.537393
856.945977 250.094782
927.173261 -876.520825
373.212038 605.530362
196.903045 -987.374424
387.979628 -822.454836
85.096253 421.736126
-660.003279 -415.787931
735.785207 467.097397
6.778247 139.083889
442.554637 238.971749
-346.380527 159.370639
-90.441078 259.178482
-973.123047 963.319162
-897.601946 -112.887692
99.173181 -778.058517
276.114309 -729.544894
-728.320277 411.360221
-323.434700 -938.444039
-683.393504 -311.274429
159.228455 -444.160200
526.365857 -708.546184
136.577792 -440.719610
-841.116473 -664.898059
681.617588 -240.041697
901.989608 270.045766
-975.433087 -895.007727
-566.589463 966.758971
760.459153 301.625336
-879.912194 5.965504
-900.920774 612.791864
-679.946455 573.607479
-874.581720 -360.248148
818.441902 -96.615990
-195.211181 716.115089
-467.258290 -270.678298
43.844372 731.773595
546.823806 -137.714113
-222.027416 346.727867
20.723940 -746.837421
-254.748959 -712.894088
460.051407 -900.394011
-415.219622 -177.927845
-549.478317 -195.345002
-508.604808 635.644517
-920.140182 -808.642542
861.180308 386.440814
577.386011 -106.891189
-577.427238 -271.644575
-992.012691 -882.608237
-381.528452 721.512741
-298.355102 574.645733
-815.064229 -900.824000
304.659037 715.698953
-122.070766 164.139975
-351.984343 941.268549
232.419637 310.046658
91.571652 -320.795009
-909.146893 234.033152
874.625190 -689.807137
743.817605 -8.461513
96.497463 -563.099471
256.617469 -171.297025
733.050577 0.767099
-166.700622 -529.313920
317.792280 926.528180
238.360963 -938.861483
152.160911 -577.043355
667.163577 986.036276
406.281453 -76.661641
347.831722 -64.283561
-611.936164 -321.626816
446.747140 974.036254
289.773536 -830.455083
724.081244 -319.776201
-764.353384 927.436782
979.966151 921.538692
-837.707245 -964.332603
-140.635987 310.953195
-377.567082 198.891736
826.714859 -415.174451
-505.131367 499.285565
-993.489981 -517.029979
-208.765610 -100.111778
-994.985138 316.971868
-696.247171 219.213050
389.434637 -521.415192
946.298017 -516.335539
848.106909 -60.969549
-262.037064 351.347624
-314.201210 -927.440552
-543.799008 506.408965
-836.543259 -990.861009
466.624829 -772.379742
-363.308970 608.480392
456.301411 963.741624
552.495364 -252.288174
417.856242 -33.968834
71.974529 585.218935
-798.623922 655.664872
104.362895 47.900259
634.397896 419.506111
-915.761836 936.701873
980.694066 -766.914613
247.236620 411.837895
-547.631487 -812.981757
28.440595 78.099172
-393.311233 644.990156
171.127191 -924.532523
-12.694541 440.923741
451.727015 623.235196
72.982351 -922.535129
-991.472664 -31.350006
-115.812978 -805.974714
-875.176520 -307.752030
-999.202475 -529.904079
417.817520 454.405921
170.728182 904.675206
-609.033186 642.879855
336.711697 376.111851
-390.985454 51.490587
918.286448 -56.601941
-175.746882 398.453827
643.194879 768.564644
814.880612 438.317691
-854.268378 661.954158
799.827541 572.897975
-524.359109 -580.711560
109.715443 728.057014
666.154318 557.747248
245.489938 -15.184885
-206.722258 -447.386015
-489.912700 308.715914
649.838242 -626.478250
-408.655737 428.929985
-28.903659 879.343365
275.515557 531.031821
-856.160498 -80.069800
-146.679683 901.162087
-962.536334 24.101016
119.656896 312.521442
-384.735463 -520.335933
-174.069201 595.867364
-582.429554 -243.046520
13.812343 -616.432427
-231.059900 267.723417
-817.117157 -933.024848
-363.264869 -775.352341
-489.301998 -554.032505
-115.366038 419.553384
765.506687 62.000205
-591.231061 501.262618
-484.744275 195.289890
-389.299480 -673.006077
914.908631 363.163445
270.307564 295.857146
418.109695 765.257768
98.919876 359.353908
-895.450087 169.543517
-162.056143 792.257815
744.876370 -303.314437
-281.658944 266.602335
-195.033215 -1.615347
-129.033501 49.965898
431.937791 721.899231
-304.025638 984.499826
731.496696 -904.111103
524.579437 -895.008977
974.876685 -884.528123
-432.061476 48.885761
-109.387419 -632.068005
352.501487 777.127511
97.235343 -212.963948
614.155089 -413.568164
237.442289 128.013460
-683.106701 -728.591840
-267.825246 418.755556
-710.714832 883.487564
634.977937 -371.062715
-702.263612 4.086407
643.499153 -787.128211
-151.383238 507.723186
-544.952887 -489.871495
720.799544 -622.002578
-415.351198 280.509328
393.631506 -842.860305
-548.910156 271.662964
945.364626 798.724789
-545.102505 414.132698
-104.406834 -565.564197
782.104444 -68.770818
-547.663580 567.565721
-680.876720 311.028846
267.871640 680.201093
-752.856000 -120.920925
698.612793 -585.783933
200.685966 506.915612
836.786857 369.843729
-143.573501 300.085661
658.398634 401.382320
-462.705521 -707.635549
-853.559127 917.008700
668.806595 -435.514836
-578.105366 639.553122
322.540808 -605.225333
448.870613 -418.442480
764.768793 -494.968807
864.885062 958.455590
-785.133133 376.824705
-667.723744 308.063083
275.267638 68.636656
564.611665 -112.006034
-53.839273 349.454188
131.755439 252.915022
-759.492026 -858.431389
943.105803 6.662150
620.852702 635.194871
178.792941 620.963821
232.257781 688.276198
-468.608355 680.989046
231.551796 -461.379564
-483.708247 -380.341414
-828.242278 -473.676561
645.539751 969.880397
618.567121 170.143738
907.798337 376.357708
60.717469 240.965913
-806.181365 441.548074
-578.375050 -504.965842
-28.760117 730.657958
-170.237273 -889.114411
824.909175 -356.212964
793.254082 -989.591798
-731.071377 901.874828
591.838607 18.647185
856.936477 19.807375
872.476855 -954.043238
-653.085143 -123.001325
754.623246 -364.682893
-806.771481 -135.227326
119.045726 -501.883932
-714.315288 679.908297
-455.220578 13.956916
-412.385527 -202.016272
-542.532967 555.931528
-857.993872 73.117997
60.970653 -350.562025
-798.215910 -298.332745
-601.153958 788.936922
948.336190 -405.626890
-59.854629 256.623276
352.728811 -398.994817
675.963598 661.232917
-631.413693 -153.974573
-975.771686 590.815029
492.312523 445.180384
-878.679421 172.110020
-151.453055 247.322226
-122.740922 -930.630138
941.095769 -989.367931
-963.382977 804.338886
-24.217836 998.130815
568.375744 -607.219271
-934.719410 -26.205939
503.202184 -226.535604
-93.296367 307.767850
23.988949 23.682778
-260.001668 -635.281994
-326.557302 -944.276876
52.195205 297.556428
846.641897 -497.289234
-613.058747 451.826617
842.294313 -432.257551
373.399947 890.170399
-740.342973 -759.548996
-985.971064 206.366403
653.178019 700.854935
-910.889478 -340.681333
-386.457781 564.588714
-173.909823 -607.083127
-191.118379 -166.723332
931.560212 415.839744
-136.640230 -461.576534
622.979275 -251.618895
-113.225714 617.795333
114.985917 720.601853
-154.141718 -539.926403
-943.070533 386.288190
-34.055726 -920.854927
680.980343 501.866504
-597.652644 -25.320423
887.896016 222.539652
-737.544857 237.746288
-529.259140 542.937219
191.784606 188.174679
826.226260 613.012690
404.329724 991.752318
601.452106 -879.635355
924.468411 -30.843580
-731.582996 -704.045211
-981.746234 397.351070
-964.206041 511.559594
691.049994 -74.855163
-72.772922 952.064670
-714.840001 -991.661366
-594.168073 449.055454
972.609620 777.984141
-277.128394 907.594484
40.429845 678.553157
-847.954836 -630.568650
-251.995618 -405.886585
562.332445 158.086202
-914.593623 87.272253
-372.481656 833.438613
951.721218 -402.661561
-171.234925 658.827909
756.508794 -205.475756
30.238664 -632.477792
251.558315 962.921677
-651.736826 -321.914190
551.554711 582.889547
-176.751297 242.715797
-141.354078 -337.997924
698.945586 -426.862541
440.326872 989.541142
-227.665609 -699.072773
-533.846874 -107.594660
420.788997 648.809002
-279.664549 -185.079660
-586.717690 -628.417094
-299.180441 -965.304004
-907.553195 286.305424
-293.153054 157.614272
40.639914 -111.594788
-225.904241 -214.210504
857.717113 63.861124
-390.699844 59.085805
-763.905615 942.458147
805.132723 908.427191
-262.643170 -723.951000
-954.569956 915.693936
710.438509 579.562225
-961.787959 261.337482
-923.462725 352.054815
740.007237 32.850273
-653.082283 972.116212
-75.257399 -210.725216
942.700658 314.696568
-946.897975 -36.300689
634.751735 73.918720
700.345024 264.544547
281.217364 -85.020656
697.154596 10.282571
-970.294419 -710.715759
719.590077 904.305600
675.753182 -402.706699
-733.151057 504.063684
768.735600 33.393228
-700.560750 514.047752
-881.613644 630.832192
232.040459 176.042242
-811.894998 -845.337212
-251.795066 -775.115151
304.900393 -277.709713
-192.824541 -154.362125
446.374809 -884.316198
356.962538 -948.482783
386.762939 -439.939433
-311.436850 467.206841
-333.829375 536.026299
421.090813 -531.223943
699.754901 -983.344561
-786.271888 -379.906404
777.451371 -850.586280
201.008041 -73.278272
-640.145027 -770.566173
496.193829 -782.193731
936.977833 -645.738007
579.647058 429.844754
220.891404 -722.707520
751.488898 -460.369712
-691.271236 -110.047912
-918.714513 377.855751
603.574896 843.049425
-535.223410 471.984487
402.629490 -417.082718
-734.492529 -158.042258
239.250281 -370.686747
889.916751 359.337099
-840.897447 667.387902
633.636847 696.493407
-128.377925 -894.670560
974.014901 426.486559
465.233062 -485.261542
956.933971 517.825669
-399.490774 797.634755
716.975025 391.467564
-397.363754 239.421448
702.209321 -703.133636
-673.693621 -778.629279
-982.126979 378.286334
-632.060713 509.414170
777.097895 946.479684
-667.843072 -597.310461
69.723832 827.570193
-834.596604 387.308353
-992.351279 -381.052309
463.586127 149.031693
-658.340643 -8.081110
-883.653282 -326.991416
-731.038284 -161.479151
-559.433855 -115.288892
-881.601395 -584.432270
-88.003651 -548.824047
-902.735859 39.295063
466.849129 -561.624523
-830.386091 792.550269
640.839497 -223.360471
423.584867 884.433380
-675.969411 -442.190494
-621.500054 -893.751140
-337.006424 558.451264
-561.441923 -14.339404
-890.248523 -767.072657
-262.899310 235.246963
304.512970 289.799933
899.035918 -74.497491
860.132093 234.589657
138.412825 306.024297
-495.962802 383.988373
671.726296 51.143022
-84.862208 450.244848
592.216519 -203.319062
-722.088624 76.137412
-825.500277 517.350049
-293.582062 -796.025617
522.839874 887.833970
640.910304 724.879626
-292.919766 -61.753395
860.762285 693.759808
582.482379 -951.548806
219.496522 776.840304
402.615152 602.786823
667.385790 -887.128748
599.390190 -555.870676
526.268834 -803.970808
453.558133 -510.163168
-412.327459 862.850702
-418.528538 951.385111
-715.454201 152.871785
677.195984 30.359243
13.644402 -362.799799
928.258133 312.658364
808.960782 874.651087
-558.363918 381.899911
538.284074 827.726336
251.441384 886.105695
519.441377 31.696584
-460.070152 -151.062615
-60.334810 -571.691886
-174.334422 881.119849
508.281427 28.128014
-485.158793 -854.468984
-513.135609 -61.106999
695.445848 522.961356
-98.602483 712.063645
282.452093 637.627578
919.739304 -712.972744
-918.820880 -374.118099
-62.154206 351.227095
-683.099409 -999.245023
-171.396500 293.822498
-973.395909 732.874195
640.001656 371.331875
-196.345619 72.678286
808.726445 -251.021075
888.440188 -59.954625
109.608466 -877.641195
391.630838 -613.464984
534.074900 -639.437146
-618.470172 357.334818
-69.696657 648.447544
711.553399 -656.794641
-617.941898 719.598156
-245.662287 -842.319552
-925.124338 -266.843521
-538.368039 -861.335081
-470.348428 644.951213
-893.793223 -828.882047
135.533540 -307.309096
510.465295 -277.271546
-481.939140 475.322377
-517.012587 -383.093615
-745.215966 -822.905929
-435.394376 -791.209039
-136.536803 272.050831
-135.061580 -78.646088
392.131015 -41.630933
368.088984 -68.755670
818.719153 827.035238
-989.011668 -184.096670
534.686344 -77.412164
-674.559116 127.017712
938.072274 213.410062
583.552624 683.457903
-675.840300 937.038137
315.101013 -151.148388
224.643349 -100.436821
-709.492675 -515.301837
-999.976646 -279.350669
-527.780330 785.089006
242.784935 673.390446
547.860769 576.557256
795.842583 861.871366
-772.565212 -805.249963
-263.567538 532.246595
-242.060979 -768.724172
-27.524606 -236.282357
-875.874655 599.027920
-483.267357 608.641609
981.464440 -773.006242
735.278917 193.493563
786.425715 398.988973
-485.641142 -245.208859
437.064529 378.748058
-580.044526 603.710271
-71.602373 255.875189
-520.235326 -334.732639
-869.646980 -148.409012
-922.248013 129.406923
37.913961 -190.337364
-456.601175 -42.536208
767.432754 -602.244959
-789.376124 539.858358
-740.938294 -0.666218
-893.869210 771.332649
-445.489254 82.995652
217.015319 -9.072405
779.552930 -907.013842
-356.111660 -34.194028
686.774969 604.916802
728.820882 164.457306
768.771587 459.222074
-33.439243 -915.496492
651.675629 627.643314
-345.532145 -327.440965
308.137071 -246.786447
-839.571922 -253.028351
578.533772 -592.733210
-638.569676 -217.198905
836.886038 327.102295
-137.937462 -140.429759
575.653763 -160.214628
-363.536019 652.262177
-877.620300 707.926064
336.006483 223.136672
826.299692 993.855870
-145.639760 418.403493
524.497578 -451.210236
891.845955 -865.178214
-868.430318 622.161589
764.897926 -56.052663
85.722444 -54.652835
-831.142789 945.943702
-910.165497 -16.880106
-502.810980 419.833413
-326.259256 -28.954979
-152.022486 -10.549780
-596.555532 989.354588
649.746321 774.250381
518.581403 390.745227
883.969528 -821.369487
-531.673743 -131.250072
481.949930 300.597071
882.618398 -439.050848
-634.877179 -875.184026
134.386500 -321.472687
603.308765 -842.851751
-645.168806 -683.610778
279.439122 445.975640
-565.443579 106.876103
144.965991 104.266172
720.977253 289.335302
-481.555477 317.796527
992.613597 73.902539
417.433831 -58.448698
-873.446083 -652.577119
-744.233996 -348.803737
644.399624 466.537053
-14.849908 334.254265
-824.824897 87.629181
-31.290359 -131.613759
895.667680 -405.505598
190.201717 492.934424
995.891780 -101.682475
402.663561 247.270319
506.420978 170.350076
-68.251138 -510.613742
-78.127949 919.074851
638.476253 -512.503381
925.368814 953.702346
-635.155908 -944.514674
-416.932780 136.719154
805.480187 907.574412
-628.874004 20.049444
-714.702965 -930.877237
429.793811 75.157622
696.860664 -141.742442
-547.650733 868.576469
325.647814 -786.821830
-920.609440 -74.756575
970.361377 -840.776557
903.747264 -863.369919
618.725425 -789.169095
-377.233589 -170.967874
-558.974774 -377.975260
841.616457 -918.833117
330.159310 299.593447
690.106122 -644.818275
15.045566 846.673473
585.288235 -111.328601
-407.745357 -86.442160
-542.900278 973.168186
-505.908031 -846.526260
-899.143704 9.031340
-595.555393 -694.771661
631.402012 -168.223611
-666.240493 722.998199
652.756081 -267.225379
-15.246934 362.727487
944.780688 -381.372403
-216.704940 612.325824
-16.446315 476.986476
-924.445364 -159.595506
-62.877210 -416.192504
-493.601496 98.868500
-674.067081 487.146325
722.335295 430.727609
885.742824 -114.277915
132.413191 493.604855
25.958318 -640.970761
-984.551566 -978.061651
-313.771038 943.922506
137.093080 -276.129307
557.664968 477.328605
-254.039088 945.231472
-228.955362 -382.618312
-362.310002 -403.417161
-154.247280 499.840682
162.317397 -291.160176
357.834714 469.781065
429.678786 -919.990908
-162.315736 787.345726
458.501103 -556.724490
-483.249377 -805.470434
137.281333 307.713193
-894.518658 389.209268
-859.489265 559.515309
-456.921163 -278.051413
-500.051134 -23.057665
-993.353193 720.519188
-699.096255 35.690773
246.386133 -462.496338
543.973354 391.838527
108.164503 456.875360
608.201396 -643.515214
-647.100456 -991.517518
125.825511 -790.050288
652.620834 490.964977
-179.478001 926.267262
-30.521822 4.983094
-169.944533 -601.313191
387.618743 -648.709566
494.737431 -542.899918
344.105266 197.749759
-388.129892 -47.419319
356.053018 462.663416
362.893783 531.867296
-589.583569 -842.592972
-729.655664 85.279527
851.450453 -748.220506
-379.814633 920.766661
-483.981262 458.840643
807.535435 -394.972623
347.425908 -656.153214
-559.327916 -732.311242
-478.705493 -213.309493
-14.621819 883.924222
-34.274045 7.745112
901.286565 791.913638
649.897629 -732.060226
-305.979736 -540.340247
-70.182321 132.474939
520.136050 796.420372
-728.378010 770.630377
107.623322 176.789978
890.552424 -1.252803
565.775027 -645.574509
-825.429857 989.787872
-440.581111 -424.949182
226.068395 684.289451
-795.429580 -660.956132
-302.200661 603.661711
-437.951054 -928.319459
794.803967 -743.244821
772.217584 -187.812937
-592.585361 535.432996
-718.959066 901.826815
-721.572958 212.597907
-54.606364 -69.450868
-542.837589 247.169044
77.307348 -447.339230
-300.470769 371.756283
-409.673362 736.009747
-171.455035 -275.270635
-33.212137 732.609950
756.673157 -450.624871
904.049115 -994.165539
-778.163349 196.756536
-192.053186 520.438392
-447.717893 882.259507
-412.408609 85.605797
-612.073968 -55.665287
149.895804 -382.557936
-738.597601 -241.533791
553.270538 -469.265593
-551.521324 458.344476
983.642810 -340.395686
-170.786603 -619.000851
-168.916920 427.264949
981.074789 50.019743
-643.251946 -895.029270
976.106671 -539.205640
-16.910254 646.728821
400.512852 -866.314866
-431.789579 -142.297862
768.737169 -64.761887
-70.623037 564.219386
-776.292405 -629.732233
-639.389305 500.717051
-431.350481 336.725760
-982.219024 -240.832310
-686.151920 600.450615
-195.837931 163.715379
185.722156 284.915446
692.604930 -816.579848
-708.412852 250.774347
446.008195 -956.512823
-297.438207 852.913053
-823.710610 459.563051
111.689774 382.629006
653.375024 629.093856
504.547917 540.632682
711.533502 135.825370
-863.053118 10.519990
-375.127005 781.007572
-484.793266 -987.050862
439.718000 -880.723905
-191.466472 254.033084
494.291775 -264.488814
-381.119723 -542.259979
-807.645642 147.309734
801.229578 207.901626
-449.853676 878.990178
175.926712 -587.567443
-574.569259 940.662574
729.949832 -48.209594
-838.938734 210.275832
-824.191668 -474.904486
-17.593654 -573.456547
-608.215064 253.166360
883.248958 698.346653
-698.183871 -183.981563
542.723209 -448.597810
725.380978 54.590950
792.022224 -987.627857
999.741911 566.560036
864.958369 922.648105
-586.780079 923.387915
-820.036062 151.280049
-788.000236 -547.875081
-213.875348 -51.417643
-307.002276 852.364168
-640.595246 699.715605
-584.929416 -202.761280
442.624322 -358.305650
-169.198374 5.624524
681.290219 -768.956689
-104.410499 -793.229027
-105.692018 -35.943666
264.273173 -948.028391
-767.764838 -852.807739
-791.656658 -487.054626
149.298332 198.145463
-117.957556 -947.098693
95.187099 0.917061
-86.628771 867.498539
-133.221906 -784.152714
-74.583383 -444.782968
-647.841334 -927.397270
-441.815514 648.388197
153.508907 203.732708
-875.713098 -945.738137
117.805180 -720.134809
712.465332 -558.171110
-255.951849 95.650150
962.083671 -749.518221
-184.581839 779.064973
78.398783 5.173846
-217.223727 914.388359
493.631775 -786.529089
433.563049 -350.638495
-98.805862 -940.887859
852.567319 -258.262636
-298.708483 461.733011
985.807983 -454.711908
-44.859415 618.961083
455.803635 313.063468
-833.692702 793.565781
125.410467 -678.467437
625.579509 343.236590
-751.213372 -247.395823
-834.977427 -327.460914
-905.875769 -526.340914
677.612933 917.998419
628.978007 -593.754169
50.096211 268.210665
383.193106 -551.777974
299.578932 -563.777180
965.597661 662.719317
-992.505104 847.106840
-677.380471 317.984723
-823.489693 77.889746
244.198974 957.861275
567.541808 -807.960207
244.440480 -758.464810
530.975309 -637.340145
570.494874 106.168670
654.392311 -224.217748
95.245140 -153.085271
431.789795 -983.840737
-787.127129 420.563194
491.665808 -49.548166
-871.669432 -976.021206
507.712830 -270.286358
-89.106059 -167.920097
842.106278 -611.141323
-9.310372 -613.069169
958.255100 -41.425659
615.810551 -358.830352
-583.379768 252.695762
261.327949 -901.215717
-96.829200 855.941985
-723.030932 715.453455
58.462602 -324.455379
-771.874655 431.161656
-254.928037 -100.130481
-238.645653 -280.097423
-998.698286 812.535621
249.263188 83.286249
-598.443018 -177.432324
-702.734989 -282.262204
662.425228 422.106699
-37.046698 133.507776
314.200591 -411.580423
-497.992005 -543.840162
598.821025 88.107679
-473.176842 903.923473
455.712154 626.649897
61.884108 -746.278521
-535.188715 -927.038539
-448.445561 -774.405056
824.776958 -819.869391
-782.534814 574.111068
-898.074912 -813.008677
-63.093534 -179.857951
-113.339101 183.446405
724.114604 582.825864
-351.818132 877.305809
841.497556 -801.237881
675.665342 322.323641
83.699040 323.087530
755.901098 -323.721208
33.821279 -538.952084
682.177836 -767.112111
-286.159301 153.882529
882.323370 740.727899
-857.492310 -568.149974
-197.669650 -645.650772
-473.969251 860.474364
-983.004227 94.223255
-470.419887 -932.163930
-181.313482 438.069941
-515.374024 -802.264376
126.866308 619.150916
69.030575 -914.634258
-789.410594 146.815430
417.823574 -595.582581
-65.715340 -531.572725
967.581157 -416.119781
87.495538 -866.145475
-596.141108 673.929988
241.938048 -988.875343
285.280517 -385.075474
970.365120 -949.185221
-498.840749 611.001015
141.429639 -384.862200
753.355640 -164.342025
612.872595 564.238686
96.223820 -521.103707
-542.403512 -641.710314
707.957051 -766.048616
596.199398 677.625281
-215.322907 -982.851883
904.178850 -977.670779
-589.314120 344.506708
-261.399206 -13.553097
447.554247 318.437252
-788.765113 -353.492407
-442.452039 667.357685
610.485049 997.150196
255.644581 707.260100
436.059779 435.547789
-279.674853 597.402744
-911.161737 364.408199
91.286787 377.727412
-218.533160 -45.189160
-591.549928 -114.061983
-306.790139 379.113185
-724.797587 -984.785150
671.774048 77.997843
40.748807 0.171478
-790.509522 98.393075
333.497534 -189.024987
-801.089199 315.552618
-173.681734 603.949804
194.612529 913.095768
648.561730 -156.788661
-58.176220 -567.715085
495.245038 855.031658
-689.691331 947.491014
-537.729150 311.802637
-724.856817 -915.608488
645.152894 -186.703610
616.699982 -862.352055
371.113688 38.572551
262.070668 323.259800
445.003412 -993.070661
-319.687242 913.583750
-739.014911 197.843804
-426.896623 -31.176501
-972.701962 -206.813511
384.494761 -967.388626
424.534836 798.017663
511.877697 128.139290
269.360764 270.075096
-69.053829 -556.972562
-26.445670 525.500647
240.284281 -812.949284
-421.825022 520.852382
886.645214 -852.971189
77.729385 729.343456
-495.280565 969.735286
698.692677 -821.792465
-922.965180 120.688406
86.526192 454.347251
-142.395519 492.614816
-435.415150 702.435020
431.831001 -402.560545
-217.140782 134.257563
-616.834414 -527.348555
179.906508 454.883999
-683.549463 -194.115112
712.370648 -7.207798
971.066452 -327.104675
424.700692 -215.700733
-620.534799 271.363902
-417.070443 -287.622744
806.116994 -662.532965
-28.273708 -283.956492
532.544804 561.369576
-3.361714 -481.520371
-586.946236 -136.652961
-411.416258 946.405736
586.080112 386.102428
537.319538 -797.505032
-30.330290 587.623317
-357.808884 -369.027575
189.607690 -327.206042
-367.960777 -963.420368
362.397113 -827.124386
-918.022939 477.072148
125.787122 -611.142227
678.424782 154.224070
310.049241 -33.049055
-513.011881 -570.527802
-627.424277 -228.423354
-768.671035 -220.776701
951.865855 803.525319
-348.630842 -718.179664
771.508476 879.273614
-248.180807 658.691529
-645.256462 -812.017806
17.001141 -529.078924
779.944172 -107.989604
-542.049844 -252.941893
-20.162535 -483.878217
-142.144712 316.178897
374.715679 242.115419
-440.264921 395.626789
194.803789 -324.287199
-587.656831 772.297957
142.027448 -756.964616
-165.581320 938.301597
-490.150432 -787.638415
16.926222 -357.591403
-498.303081 -779.258932
826.594584 772.306043
83.714665 957.222036
-842.249771 -435.005903
-836.699768 -482.423754
-130.681723 -230.638874
474.485090 -60.702886
-456.267222 -420.933297
-211.066899 436.979764
408.603379 -200.583527
-88.883392 375.100602
8.760399 -535.538210
192.487245 -757.141519
-630.058842 -156.051660
647.324542 -385.019257
-362.377169 -13.308931
-153.215479 -191.605265
633.155218 607.313334
-825.095606 850.022144
-754.705156 -987.036523
581.429788 520.685291
-15.065673 718.119812
553.883951 463.863134
-815.845924 -548.723447
345.984705 11.643576
16.529380 -323.442834
-985.123615 -205.856372
121.547278 -735.854389
502.863557 852.108779
900.833314 -688.627806
468.516095 884.837075
961.971753 301.662640
399.764996 814.348514
-895.261356 -376.541975
-412.742057 726.907620
-928.228001 508.305847
-778.582658 679.598886
-830.457889 993.792913
-311.038732 -609.325646
770.813284 -596.892756
706.745297 783.717097
-56.968490 -152.905352
-53.844449 -160.310948
-247.872014 376.189756
-141.915957 -859.976654
848.872460 314.533774
37.556919 162.307328
-999.593482 22.677207
942.781266 -422.709205
507.276361 -518.288210
-999.634907 962.098538
103.642123 -538.273318
628.237963 680.858123
-916.940249 -878.625657
-941.764253 -920.414354
703.058884 182.166359
790.481074 -629.875463
648.645826 192.305436
114.715584 -633.098109
-539.560102 273.160359
198.972601 81.961239
-822.519852 -212.573720
-974.895964 502.157213
-407.764092 -9.459244
968.011514 151.533507
-431.010246 -103.741891
-846.755226 -900.866787
835.915653 -881.518247
-703.411192 423.851049
-344.554918 702.165613
867.140736 -315.081766
61.718178 776.606587
587.823894 -513.076132
649.211644 -171.909683
-537.245130 -251.055575
674.369841 -626.370083
394.080141 420.991097
589.414596 -238.957987
561.619841 991.356813
-8.727791 852.463267
620.084139 219.159305
42.757373 -427.064626
249.568484 856.996733
-872.469354 449.660797
-57.995727 846.399772
812.203449 -32.476848
589.191833 227.111277
-849.503555 -933.576486
659.428272 118.791937
-183.727140 217.313843
420.080534 170.527877
529.207961 271.175617
-355.108043 -880.559028
523.991084 890.457043
-97.358003 -246.420039
-132.389641 -694.315693
-537.693205 383.239741
250.698534 116.751653
553.066007 -143.460197
884.864208 -890.145813
725.205007 -789.518123
-588.138025 -182.826759
235.364775 -861.763899
-163.923440 866.516131
-678.409377 932.809048
327.305996 646.457924
554.807607 -562.507588
-232.297571 -944.026532
467.859452 39.616296
-920.737836 -863.992596
890.568793 -421.194258
498.856141 27.212722
138.415014 291.977875
-904.483191 986.636170
108.921651 444.473700
-118.791831 -801.949019
-829.883512 507.752496
123.317201 5.864487
340.284593 -814.588194
726.294107 -152.569434
227.971472 -971.722661
377.701964 -156.825203
395.350524 -582.315076
-589.697686 504.911271
217.019533 -671.049904
522.704517 373.123905
771.344130 84.448819
-587.598099 374.494258
753.083856 811.458015
673.075377 -576.389074
-590.001959 518.989807
-247.856327 -551.124635
595.297210 -735.581417
263.933267 -309.097471
-239.467962 -759.005729
-859.890604 533.862112
938.428691 -363.438240
270.663566 415.049923
101.181408 -688.565200
514.510749 -16.737890
-323.005773 -86.594675
405.227775 496.782179
898.358714 -671.726241
285.270949 950.312198
999.073400 620.552136
0.908251 848.109436
597.665938 -927.021776
166.975033 -166.045899
910.468889 257.957497
-328.387530 -694.997086
-495.180440 462.303028
172.479260 -764.477502
-41.674382 -281.863419
318.690149 653.535868
356.439525 -712.435827
87.019513 -406.908509
864.323576 -557.517468
375.437302 -402.774719
-856.721529 -380.998896
760.524229 458.238194
582.632024 314.271810
97.833116 732.637024
-528.963266 109.032509
-323.233993 621.556425
817.757314 -43.780294
-605.927618 127.645905
-967.465938 -147.095289
690.668844 -481.244767
818.604946 950.133984
452.581349 211.879588
798.347871 -125.614808
-200.245625 633.967087
259.143542 239.317088
354.955726 -175.834968
728.793567 -938.089517
-861.152776 -690.693260
497.524260 -448.467925
229.105539 -269.769503
592.365911 942.002589
-457.675001 -491.440398
-403.727085 193.888348
875.633963 55.016782
256.204301 192.179985
483.039666 256.592751
670.612249 724.398593
-215.973899 41.472146
-710.618625 421.738382
668.108042 817.529165
425.489493 -610.048579
-358.160628 -435.537307
897.662310 -269.014140
-82.013835 -32.425521
-863.667807 344.457089
-915.579136 83.251988
-318.876576 -433.720586
835.454694 868.669026
-274.460827 -135.144074
556.418059 -719.604493
889.813931 838.603896
-712.451239 716.622517
-7.971736 743.153375
-233.479394 482.091766
-249.693157 -807.432248
646.333147 -977.356712
498.052409 -804.207232
-254.292677 617.640288
347.441057 866.690005
450.658006 -861.959604
678.624983 -210.888979
618.110268 -286.398224
-233.165267 733.204556
745.379768 -365.982752
-924.204811 -725.705065
-267.857973 910.504838
475.421024 -672.538049
-877.196505 -326.368257
106.406411 -46.220434
722.896554 -753.385646
-297.625570 -73.534900
492.472743 98.561401
525.401432 -69.287022
128.504793 -985.925631
-175.191113 696.006413
97.023985 824.575120
792.665576 974.796314
-448.511966 -586.240686
552.252487 -28.802005
-418.636952 -907.381427
389.361609 -955.353477
587.913703 711.910740
-655.298517 -949.187783
-865.856933 -841.016382
-311.002778 -44.308525
-352.566207 -278.710305
669.204324 363.970043
-918.441321 -847.451876
-360.048090 -386.409672
100.788682 -394.545879
673.208987 -14.965701
781.540284 894.521327
337.035496 603.722243
893.342853 681.579450
-926.237131 726.592726
892.449723 -859.593411
595.047821 906.049166
-956.920899 -817.373988
-518.733668 760.191552
-107.080893 320.287352
-214.460364 661.659208
139.703829 -352.331068
-77.617196 374.329465
-858.700914 -685.509551
-701.671677 -36.389166
-132.875272 -853.184695
191.354142 680.202703
594.699261 -985.115169
-769.447661 -643.976036
-119.279479 -974.765285
-639.758017 468.891689
-153.220732 -523.287909
116.983524 -529.118225
-287.610931 -634.538385
-454.513898 -769.213364
-398.589917 -593.439113
-843.836489 197.112851
453.161159 -709.829550
733.311600 716.281547
-293.744668 863.429319
-961.105741 -216.919384
-891.899004 -705.704365
-740.355786 -554.632451
-566.495993 254.335598
394.326791 -842.982848
-723.046978 -375.520989
468.096822 -94.358926
924.517353 -234.528769
-990.218790 362.763722
-895.141712 -244.917141
368.073390 406.112420
186.593383 -367.837225
-216.625844 -777.868055
340.643130 388.085764
804.738708 -987.751446
20.863803 9.675619
-351.864432 578.578675
-15.133579 -877.902164
-161.730928 -474.783695
-634.635066 529.049703
690.659612 -831.943992
-273.019080 926.915469
684.041722 -360.372732
44.722539 -723.750410
-656.868971 -704.645992
-991.718550 -757.651118
-288.038101 155.152509
681.561232 -451.443168
175.631635 428.536228
-45.481525 810.738318
-548.178382 -338.090932
852.628095 437.441480
232.987561 736.445614
-555.187341 90.473264
-955.780766 440.914357
-886.070609 -196.646747
-530.714916 -923.940202
-789.755440 -474.827118
-778.343578 626.163066
-942.076619 -731.262328
823.768930 -416.859536
-675.715390 -916.241220
-872.011452 -670.533460
-499.588446 986.041050
839.618509 589.314201
144.237720 -295.040827
-202.511645 -446.745169
-623.802493 631.130571
570.795693 853.140686
-869.434223 98.397073
535.451657 273.639777
-209.370142 -799.777279
110.278977 -364.941090
133.512405 677.878399
867.468837 120.938633
331.450271 589.746152
-950.997141 814.180139
801.371348 480.091617
-328.201826 -820.838979
-941.445372 908.908012
410.643430 604.328184
152.302822 446.868806
-128.644430 5.430605
-298.005038 -307.176729
-224.752650 -692.208387
96.511667 435.741783
-651.034584 -782.861103
350.930778 44.544998
-857.394397 142.333027
-503.673993 227.663135
-797.065622 21.435800
345.376621 -973.687741
152.852834 -249.827125
-579.425720 -168.403834
-757.830420 -160.314268
135.692390 -336.932247
365.410323 209.500255
124.128279 136.947416
142.866443 -86.037598
-583.543518 -983.931998
841.647774 -310.983845
401.357804 -645.781659
-238.113228 924.236405
327.237374 777.423477
118.356807 -886.714606
-675.197351 228.174821
459.555107 788.329038
382.248460 -254.478508
320.630350 724.354251
667.299292 78.559178
154.891820 749.776362
447.773066 77.302703
-541.109198 905.459484
560.463198 -438.203451
184.070725 789.154378
777.292727 -862.475515
218.134226 -989.627248
704.355688 56.929011
647.676707 -807.118227
541.356343 905.213844
-829.876093 -940.245676
559.961184 927.453784
632.682469 -19.857398
694.014774 -53.883425
467.157275 766.252717
-674.113277 98.158780
126.709975 -881.787652
-170.984251 -874.706850
-103.693700 -371.637337
793.638197 -689.702667
958.654823 500.479724
645.811187 -711.054775
357.290898 931.510974
-860.814127 -750.977021
80.209290 837.707424
327.307856 -600.022667
-244.667858 -361.685171
509.296763 99.608416
329.356880 -116.676164
615.038096 -686.672051
687.916365 842.941083
-171.011849 -549.025438
940.372730 587.625964
-271.302425 927.174486
479.926019 -955.048430
-30.432737 -135.057376
-696.087435 -29.658729
167.674357 434.535166
601.304634 726.637848
-520.536475 -959.466761
-12.404726 -306.945492
-8.519932 -681.529146
-25.093278 -502.328105
-881.798529 -411.384584
-349.343444 822.548418
-858.529383 899.737088
-560.442359 232.440989
-918.321528 -200.803676
710.235666 -57.612432
-60.967861 648.736453
-569.882700 -863.086191
380.846376 -592.009795
-292.276119 306.068950
-85.576224 451.762837
-697.724063 -962.829636
-200.059255 583.932876
-194.814836 101.547522
121.108084 -727.918489
-748.974620 13.392946
647.002501 -730.263828
-824.577482 -640.026412
616.240325 88.192673
757.187716 -722.561303
-155.294676 556.467749
-901.251415 -969.283259
879.066612 -190.200012
170.370192 615.194457
622.501347 102.234976
366.798478 -369.720231
521.730847 775.389772
-6.458902 -741.171399
740.225762 -264.946414
-456.667013 -535.815287
637.639105 446.072469
334.879059 669.336573
216.531208 -42.562163
197.619392 -269.922356
407.371816 -996.578738
793.487218 334.061218
-837.004633 199.350609
-960.785229 875.362740
-123.258130 635.958536
321.583840 794.734114
-581.043267 -534.943153
-516.738809 472.335400
-702.273984 97.102361
112.905296 -578.275965
-191.470862 215.347048
425.008061 804.716770
165.359630 337.410532
44.559642 873.775290
108.387334 -252.158413
-695.265346 -812.156005
-311.008723 762.888821
772.581322 -616.635550
-500.310952 429.725619
-593.169338 106.405246
516.125131 454.557636
735.235992 -418.782936
16.050405 -568.827585
-829.075204 387.334616
-339.285573 -692.585110
-577.785698 323.883835
385.442080 -604.130270
-806.271569 832.108619
235.064199 468.145726
760.150208 -810.944567
129.108235 452.054375
-832.975996 883.027582
744.838120 909.786842
644.337808 469.729480
-913.893018 -595.850874
-326.703862 367.262641
262.787283 896.103260
-306.332921 -150.523725
709.032546 -407.202875
694.134534 94.896434
403.606405 -489.744847
757.691405 387.816647
209.044707 -288.986577
-374.533990 -125.792492
-306.009038 -605.928058
-452.318700 160.756287
-482.543276 52.260932
-205.148025 -385.668519
47.796559 -169.282642
929.713945 829.358255
-526.229557 605.552925
209.194935 -314.388815
225.064317 965.505445
744.615252 -794.985408
392.980148 -430.425163
-892.354881 540.718187
-211.036285 -31.349441
-929.738052 451.448365
150.137266 321.684570
-419.733547 663.314260
649.064501 -85.143947
-450.774475 982.238963
-723.957067 -665.607087
291.468302 760.371257
340.904291 -23.784053
-433.755243 -82.839052
-644.676304 916.474053
-855.876750 480.592244
-793.782371 -481.063718
692.866761 929.308493
-922.171263 -493.505659
-397.643869 -857.693992
-945.639895 800.878694
844.031676 268.179885
-449.749624 845.925345
382.895882 -248.183754
16.487340 -146.892313
-507.035882 289.412174
928.734618 59.809163
521.591756 870.331138
173.163174 723.901337
98.904208 70.391468
812.993427 620.993076
255.297675 712.327327
-513.883858 -8.647698
911.613053 -227.089125
-249.674964 -168.885462
238.279293 590.919461
544.585335 236.280606
905.055150 413.560736
-493.189027 -9.144491
-584.245833 363.205552
552.245484 418.733865
665.873141 659.783869
-250.752860 323.735258
963.409906 -76.146007
-966.741229 -874.117712
512.255094 158.031242
603.658223 154.869858
-871.058911 641.613403
-930.012557 980.230521
-629.841203 302.757275
-676.328507 856.319589
237.683779 -667.879812
-203.825880 -137.236511
-974.168401 -445.106313
920.482354 -204.772627
336.880584 -936.587107
736.891551 397.731216
71.231803 -816.573743
304.165808 -897.651678
-0.564395 595.579315
-185.517548 -974.758601
614.124164 54.983921
187.441737 -698.441450
174.856332 726.260013
742.024061 284.704958
206.561813 987.945275
526.455358 550.419572
133.483167 -790.957140
357.686389 17.718648
58.135679 661.795587
-946.754622 865.277266
-694.184463 -292.385015
-954.243886 -986.642739
928.066980 -662.512788
-186.681506 -337.517947
-907.173730 -882.254728
326.535858 925.692952
145.883023 208.313206
-285.544945 -190.268327
-94.781676 -680.807391
591.691759 -177.529984
880.660781 -269.840563
-239.444158 -968.762260
678.001468 -339.064372
-591.779357 18.750373
-491.061031 432.168118
-654.708555 -982.398058
982.105196 -559.140483
108.700857 640.483916
11.487402 437.212094
-972.616290 -505.126965
201.852226 56.151485
967.791670 315.999822
-659.108030 251.139840
-116.711530 -752.377529
289.196188 -711.531759
348.382794 163.585677
-680.370427 881.639250
-847.685740 -757.066412
-695.644229 -560.993493
948.739206 -141.909430
-966.371053 -596.555779
-548.921484 -994.899528
-102.034611 568.416838
-503.752154 352.661522
299.576208 342.060008
166.440554 -416.418123
-528.035054 -409.075817
-644.443560 813.881310
-300.740629 -939.375593
27.653361 37.868052
-675.726202 976.499439
-756.374965 -437.548540
10.988021 -897.454989
446.668340 158.147434
-369.111071 -400.623728
-257.206832 959.895241
646.805047 802.433123
310.594335 -108.941869
-397.103705 271.384997
308.386582 -862.489402
-761.481076 962.589372
82.708081 64.649982
-891.619121 -615.930894
634.873648 570.914985
-634.314324 -450.055850
299.191304 -965.606254
-501.930464 -906.618186
397.189404 -682.990959
-84.145860 53.374166
25.652583 397.209213
836.067581 -866.728218
88.785008 -615.615795
838.025926 -971.381685
317.255233 320.749730
347.582253 -184.871882
545.262375 886.287044
-537.928316 -449.334515
-387.698584 -655.900074
629.241402 -111.389465
403.562902 631.110384
216.346736 -166.304735
983.462995 148.301524
-830.618545 462.240158
-861.877788 297.896514
-351.011912 725.159479
-15.316796 648.961602
-881.055987 -985.454603
-218.189349 549.890198
-927.869962 -424.977391
745.392308 921.702507
521.619168 13.359058
932.586394 -282.346160
344.344035 475.551572
810.790947 925.269947
-271.452314 610.384185
298.002009 -97.107148
415.987372 -157.621038
-850.160702 259.078860
-422.587129 -306.110836
-850.920443 -501.274050
-667.003139 546.730304
-811.963885 167.887505
-115.143290 -467.543333
-961.639326 -306.152454
-450.980488 842.832041
-515.869749 958.635220
-658.091464 251.704316
863.224534 -67.634887
-123.821338 -173.231997
-982.323519 -786.334743
83.636483 -150.242249
-412.253869 866.155518
-812.991239 -519.728362
-740.124655 812.376130
527.112249 -664.549865
243.713028 -757.972674
461.444725 972.006217
390.245283 336.194970
-585.420433 -468.943528
-517.255431 -261.909257
798.810295 242.473804
184.649232 693.577742
100.703723 786.297801
-83.472109 678.692969
42.801878 -32.117085
361.548407 504.890932
665.882213 -864.521973
412.120246 -463.238851
-719.371595 -864.277877
-398.286286 -820.834780
850.006843 607.953851
-676.321054 -687.725817
24.740522 832.866822
-382.254976 -509.561554
699.667619 -158.847700
-412.574523 -181.600607
-374.963855 -3.624415
-968.679981 -57.910640
98.980378 53.244454
945.017110 -954.384641
716.078186 703.844108
865.992626 552.199162
565.647545 -141.100741
-229.737557 90.870800
631.730498 182.548002
-976.160056 315.700578
-889.340611 844.808256
-900.076103 71.635712
-870.840846 522.580196
-700.654125 926.770883
137.953694 -156.761627
308.214130 821.462260
649.220988 -796.434930
649.114848 -640.329615
141.845384 -969.375107
-838.917650 834.797883
237.727990 -464.700698
383.217386 -389.952750
-337.756640 135.921957
349.869738 -552.575305
-146.438835 -254.392105
168.765624 -758.972732
334.770195 -636.262725
-145.621822 -637.932226
815.807287 469.054885
-208.068055 824.210828
-540.401396 4.539518
-326.897301 997.322861
-103.258946 -577.094491
714.289042 551.013473
-406.339225 -575.206292
-800.079093 -859.171645
678.344169 -218.629537
77.651991 -187.820729
-890.262830 -265.421700
-352.140873 260.739925
406.506795 -685.465046
-549.086976 -8.190242
466.678405 -820.090130
537.058872 -264.739848
570.942155 13.661200
-472.102762 -81.110250
-142.769225 -897.666386
773.396613 815.223002
-263.281199 492.265460
-448.444694 -185.257422
122.904980 -139.330591
542.333150 -553.755435
82.680928 -17.028337
-663.958406 497.987044
510.666627 -641.620295
-190.350589 -747.517397
-35.271368 561.014798
-553.754714 -377.236442
220.882559 77.454825
-245.778799 940.825085
-710.273905 -222.200428
934.194780 -582.080053
-961.487225 -822.147075
210.187853 384.370316
-516.100119 829.292038
910.365812 940.119283
-77.617453 801.852362
283.715105 -160.066610
311.815972 -60.657652
791.550432 -159.685905
785.111389 -813.799046
-763.002848 804.277041
889.046519 -743.264707
932.328450 -560.812888
517.282775 30.414712
650.931038 965.012151
-583.468444 -483.867162
251.128980 649.387723
967.262823 -963.504131
-855.136525 379.864443
656.826675 -791.515316
378.985799 -168.532962
979.576534 905.602147
-865.635663 -836.939377
673.455915 3.319649
-335.547633 -720.324403
-144.217887 -870.669207
115.573802 -240.533368
965.461491 485.547217
851.626120 386.163221
-211.138906 -805.087645
590.703209 699.129162
448.785962 -241.967154
922.387401 907.280374
-217.292681 915.951555
-683.785312 -970.771520
60.699713 217.926066
-792.745075 164.782899
607.326556 65.561951
-811.815726 642.213148
219.951035 520.265390
-98.961530 958.063690
-665.645210 811.828067
793.007413 177.182060
-764.896265 846.311364
322.363913 -980.281064
-619.725381 133.718909
478.628872 461.389230
868.027454 342.871185
75.573720 -140.298917
-401.640340 -276.638367
423.284320 -662.384233
-101.184091 -198.687727
-833.184026 651.786421
-214.005710 -294.290898
285.673178 388.498157
-338.326728 833.140629
-987.308773 -720.967494
407.473276 767.203608
230.904457 568.822632
-587.154237 -906.757688
142.578281 -292.739913
538.587607 84.531536
-379.119036 -75.361477
-105.207198 -204.038709
-805.810507 533.068834
-283.145871 -259.795196
211.158855 429.977705
940.068608 298.988690
-80.623742 -588.938830
-856.331967 475.944502
-989.569076 555.949799
-760.684282 259.640313
-880.084002 666.672370
-996.889963 -658.556919
-920.522827 -392.305177
76.600129 -338.154808
-290.055819 -990.055905
-847.787147 445.419583
-513.332511 -820.638016
475.198425 402.054345
-836.883403 -631.673306
-756.095438 211.346911
189.416340 -0.219639
926.405033 498.406354
492.307350 214.123438
830.819362 600.372791
-626.937236 917.894719
-614.898085 -798.372550
-719.739777 413.819145
855.194678 483.183026
369.262934 518.921068
222.226059 360.852444
731.327211 973.090126
630.947121 -549.836466
-418.706522 -661.264806
564.028887 -998.246424
704.589045 -917.486188
-878.406066 198.529975
178.610515 -385.039432
-249.005617 520.204607
696.986390 88.033962
643.412794 877.446499
333.725169 962.937292
648.686352 856.832061
286.629166 301.964686
9.592119 652.787404
-944.521032 379.420931
-390.759933 566.715773
-979.069543 265.203717
-875.396238 976.385338
-101.836339 251.575625
202.251591 234.522136
714.168389 -655.378555
-225.414741 411.522122
748.095882 31.317449
179.806683 -176.490060
571.002833 181.043443
755.390199 -550.954377
-626.711956 529.827228
-449.630298 -53.595736
853.609144 104.139443
-359.055531 -261.030930
357.609256 -924.762783
146.994983 741.706410
991.037767 -971.013720
783.777131 -476.932031
-890.991364 -880.346388
116.342061 -761.941913
-58.342837 943.480170
-394.508930 682.451334
681.683202 -892.487582
-278.512010 675.873709
-299.207272 -54.029204
-653.475608 -184.971380
-261.034887 642.837887
996.611464 -707.728583
-267.263268 498.091159
-796.291666 -519.321285
32.227164 383.356706
230.728883 838.843895
152.136104 -619.593293
9.101339 533.924181
-403.330081 793.907485
584.263118 189.002143
-396.368703 129.959547
-31.630607 755.017086
108.779814 -24.138646
-242.163892 -313.917072
-401.901144 135.315272
-941.227039 916.293428
-234.711418 465.106078
-45.333186 -142.932389
-301.338989 -800.178780
-965.472271 -104.114047
339.843441 -268.339348
-731.748453 -46.559988
-762.846264 -700.207161
-321.077812 201.735962
347.087519 -669.887384
-619.751810 192.522767
765.438227 910.066238
-588.124796 -878.328232
-986.170540 -984.228310
-174.928223 -251.996159
875.356448 532.736820
-317.275282 232.545230
-596.464519 -853.624524
-917.201644 -856.001359
-581.146729 -118.366528
-320.681959 -411.730451
-426.812076 691.901451
807.089087 240.035363
853.139650 -382.405355
-934.009133 856.666640
-516.204823 441.873836
850.669784 -90.793919
406.013050 -856.267575
-277.097400 79.763170
484.518116 -725.193905
-180.987744 -264.739602
574.930664 -478.807201
-99.126071 -888.310490
878.994544 -778.255767
-473.978518 285.692594
-603.590395 25.666588
-567.715748 60.715764
-669.189209 826.554314
-967.525888 205.683254
-990.114157 -452.847347
-761.808266 517.068877
593.141926 914.360579
-827.271434 -806.557081
-23.558242 696.034055
-276.648890 -950.279276
786.794998 513.107247
-18.807236 431.528304
426.163110 956.458410
-298.155953 167.581308
787.139206 -803.034746
-719.361093 275.648316
-171.388616 613.786442
-381.598590 -442.074882
416.007279 910.496075
-402.373428 -420.604602
36.111235 871.940075
-837.543264 -32.761102
587.950387 307.263179
-876.593191 821.198337
-828.295221 -615.061266
422.372820 748.849140
-270.935127 191.491356
483.906398 -262.690957
-863.508726 748.980472
882.484798 160.423999
452.785804 851.186776
-121.208186 117.888434
-262.420736 433.109211
-219.146801 293.762634
-71.995081 -866.440364
-80.106097 -31.316981
-832.786131 -669.632129
255.121974 -861.439831
-130.876262 928.225585
487.527909 -976.773537
995.250840 103.922284
377.301478 -258.509446
-988.708342 310.563842
-312.469325 -912.214869
-444.559151 514.861729
140.890723 912.536488
-939.121189 547.929971
992.358559 243.780025
-529.379329 -219.585340
22.180237 568.296764
-37.492802 -889.626188
-220.303118 -881.632776
496.107863 -562.767797
983.640353 -437.743459
-955.420606 -339.855306
-228.164345 859.527742
-889.944833 -586.349221
-832.881698 899.462080
-683.571952 804.991514
-8.403701 294.220370
-582.226322 -389.549470
447.930303 221.969352
-787.767701 557.003065
-31.003873 -215.434361
-157.194014 20.859586
-758.466989 -658.936962
-253.011276 457.740138
136.765963 -458.809112
-725.235607 945.353539
838.456896 640.799932
-281.950990 -252.415009
-680.330026 -683.134338
24.142815 66.496699
727.041855 552.156668
-233.145769 -807.878979
488.939924 474.849970
89.822082 -1.461129
-698.062302 308.485230
-332.294443 831.769650
737.303004 712.872843
-72.047344 257.116631
312.076345 -832.746812
-960.027235 -338.482850
460.609663 360.090641
553.973422 -118.197490
-740.442768 -622.640220
-783.524833 -438.376987
-190.028710 999.644921
64.746329 -636.781989
713.260836 -602.363942
-77.838603 -654.507194
-79.616520 -381.974317
-767.039993 -801.291116
-530.184676 399.960202
-657.261606 -691.465509
156.354982 -482.594038
634.221101 12.413643
125.101648 164.665688
381.207075 -889.908992
942.977149 -439.152294
-418.391755 955.823423
-901.048744 -523.571914
-381.462445 -750.455155
54.799849 -624.499220
-795.083026 -449.657368
-212.509939 822.414575
621.318151 796.041145
724.679193 -211.504925
-1.939260 -221.016257
606.246117 241.084609
-492.546844 -868.049937
936.450862 -827.024276
749.602473 -231.252967
552.729356 28.658348
900.194978 841.158994
-527.143486 257.176444
-781.534544 -865.108526
977.975929 569.122833
-675.614750 35.498741
870.491688 694.993498
84.175894 725.765969
-831.818097 -715.281787
-772.360302 497.214742
-443.620909 657.603305
474.352012 770.650759
646.310356 -806.215412
407.336676 453.432398
-765.668616 492.670058
-976.641097 -858.999736
-141.824197 743.533176
978.936665 377.362870
98.686205 994.713442
-140.542732 -519.455689
-139.079712 860.997266
-218.043472 -666.639343
343.720222 56.972483
-692.258862 749.675672
-48.104335 -135.639518
99.829959 996.811654
760.716623 291.922933
227.318267 -307.050274
-836.272950 19.258070
462.346742 -661.389384
738.890719 849.665832
-199.887359 -828.083065
270.012464 -295.795549
110.910032 -989.325398
-171.467310 415.574891
-662.436071 -510.109842
-99.954315 -261.134494
298.808281 476.429167
812.480808 0.065932
18.794722 -675.822888
405.250620 -405.918819
-912.430741 562.597989
702.670188 -100.247814
620.489759 375.386598
673.241523 -395.281864
-479.389691 -262.332906
-598.891065 -920.454671
-364.330344 -840.763590
173.646913 -310.489601
898.535913 521.448926
-492.765878 241.159196
-562.069589 441.256181
981.462680 -713.970617
-849.627106 -453.450692
187.467874 -73.050413
908.477929 604.918577
851.310582 -681.318058
238.725558 901.517800
945.775351 482.139762
39.533109 542.997184
-86.524419 -578.805481
349.202104 -602.939794
-744.132905 401.169155
-468.126714 734.586755
-991.930996 998.999569
182.209656 -635.756523
-416.336169 280.538084
815.422257 397.289268
625.379503 437.933407
362.894894 -623.709536
-88.118213 -747.225144
72.293132 567.058557
-168.342834 -153.071551
-771.308468 842.442691
741.167696 72.918341
593.338764 -208.665514
-533.938516 -507.942714
-954.116872 597.882340
51.914777 620.598588
817.928052 -601.131408
709.929404 -414.508252
536.835129 280.312025
44.569197 652.638495
211.959870 231.268380
42.656424 911.460841
-910.142015 -725.882381
-937.692819 170.280755
-94.652420 172.131395
139.344598 -622.178564
-811.718620 42.937825
-51.147650 805.084898
