128
436.365915 -348.168269
420.639895 703.884041
-733.954025 -872.972579
-949.430222 -289.115934
357.119352 258.651188
-892.201629 -886.074591
-632.206409 -951.617356
-727.786902 -937.395771
1.779827 878.773588
-755.396709 528.517184
-970.231996 -355.680110
-580.583540 860.767498
-549.483650 432.112262
673.075518 -939.366410
900.737704 -896.021459
196.550388 -626.955966
843.570419 -916.485251
-746.265212 -149.727339
-901.837641 -407.555284
-528.687150 945.653537
682.633294 801.188625
-858.115471 -318.162677
598.411993 -350.618205
994.178389 152.261335
-832.748895 -241.008844
-956.827804 821.830231
-360.340020 -115.800221
-559.030584 456.777082
-966.812077 839.778336
-208.943848 -730.704105
69.561211 327.115967
-125.321057 -693.494597
607.653587 850.465231
372.916305 -797.774154
-683.802350 349.781968
820.413200 -668.714455
65.474072 548.193621
-61.882507 -544.443273
407.473812 -212.895972
392.001195 749.170447
993.108225 -644.509259
864.058067 -741.012783
-566.029601 892.251136
-579.731336 -248.233298
-284.159441 922.235019
-598.332128 42.718773
-970.164000 -46.687113
541.930714 -785.342429
-647.693481 904.526887
294.720375 404.054350
357.080332 -863.776705
649.991341 974.100259
-516.105929 -793.808823
746.588237 1.455509
-45.423179 -628.986329
-505.561170 614.469944
-140.832695 308.713492
-314.461163 -29.835490
-297.879282 973.495863
-224.095629 -576.876889
-888.629189 -271.764771
-969.933392 -761.238870
-124.233411 939.415483
-190.718827 -12.096755
-397.242928 298.717133
-661.763322 978.654305
375.600633 -812.467599
-494.222972 79.591665
-336.227425 947.142156
795.576715 85.196889
-451.887358 -124.448261
-953.343601 -315.018129
277.611184 -569.468056
652.049896 -881.450346
900.269640 840.548462
-433.072865 534.130290
499.328938 492.011590
-46.980419 -113.011745
595.576194 438.738473
-835.392540 961.445567
495.342233 898.085126
151.370878 -900.948177
-697.059680 -153.781349
162.280923 -454.814422
675.094963 -663.570956
-674.049982 666.104373
-606.685214 -230.561115
721.256510 -93.945155
-131.152885 804.718755
-993.887797 -2.775868
105.554844 -990.347963
-660.052922 45.357161
447.452061 727.458828
-975.102671 -281.813824
47.123923 524.660696
593.447359 499.252918
-72.118068 778.325611
532.839447 625.281737
379.090022 646.174215
-893.949974 448.446869
655.069243 -397.584882
-977.839144 863.838081
-21.093521 -794.466792
-882.386656 175.851048
801.852131 756.247723
-480.409123 483.308168
174.671974 -735.027535
-891.577348 883.322265
292.468349 933.070308
746.926725 445.923210
532.166971 -800.269308
413.092157 661.648370
-29.650493 669.648345
-27.524348 -441.260698
523.655101 -553.306610
-656.787166 391.306128
-335.614025 653.773990
47.965403 813.051358
-107.653945 31.730552
-865.690997 -28.237024
764.582580 10.444651
-981.605405 77.254617
-35.733793 -743.329543
4.533972 37.563435
-194.880395 -791.787657
-156.100794 -257.810407
-456.504341 -959.962145
-878.530096 -469.943567
