1024
456.858272 -669.560951
650.897807 72.606803
-861.484744 -13.162897
-685.175857 -134.009243
-985.251436 98.834758
-802.827650 620.140989
-825.268585 732.878333
735.102370 184.151067
-493.445904 -598.942005
-460.490165 -33.884660
456.972716 -230.602190
-515.422147 -333.571538
-58.931231 -795.522138
-936.520424 -899.693941
-807.153524 394.794151
3.963838 46.281797
-193.950620 63.724481
838.461232 -662.332739
-205.958749 493.741905
-930.083302 -146.482696
-114.685504 -180.777233
-767.041851 952.938868
86.086320 513.901796
15.533217 560.525593
-74.306859 -69.602701
-925.643854 800.900014
10.807509 -967.983449
-537.395231 -692.686708
-828.458331 -23.500136
-169.945457 910.255107
261.840619 -201.131904
832.930392 -68.651521
-326.157651 -301.319716
-610.244089 -794.713574
-94.469572 231.142307
-638.336447 -851.257983
360.496305 921.378292
-173.004498 -663.136735
776.993812 403.837280
-915.429620 900.169427
-445.843070 593.124064
77.978120 167.179794
943.366070 -136.091540
376.751390 -787.288365
104.077219 946.554822
-686.379101 -167.381958
633.315276 -401.124275
-720.235418 407.496080
-24.331548 813.042623
340.015716 765.605412
52.980601 -209.521535
-153.816843 64.797201
-888.451000 -795.407879
375.613796 -651.593216
222.337237 -709.366399
-508.086084 612.397030
-423.004253 868.796044
659.942800 -904.691461
72.066208 59.711964
-787.001675 983.409136
-352.439182 -374.118254
-403.836234 -881.767691
427.651011 991.773247
103.910400 98.351235
269.311888 333.099439
213.856967 937.103370
423.407844 -963.449342
-228.356396 599.082497
-518.741224 -210.072776
763.135487 -508.130489
-544.421933 -859.526708
-924.765145 248.943348
-469.877219 -351.324138
254.465379 97.627561
-248.096398 -989.937794
434.812242 551.629636
877.803635 287.755810
468.143437 -977.602350
-918.425589 -75.296026
-466.668607 -993.257015
-737.418342 -479.876510
-580.623235 493.623288
-80.180357 217.612534
-260.425813 -704.337192
969.001846 730.301878
714.650552 150.645687
-501.115831 693.349197
187.036942 -220.012645
-793.702796 962.987766
-432.166418 973.086528
721.832781 102.013888
481.859669 80.835159
835.137558 -543.971188
-129.729013 842.976084
383.262813 938.555018
857.324096 468.871625
426.605918 753.058555
-667.767862 801.026459
-854.219575 778.511587
-639.410223 476.991524
-761.098465 -346.126001
-938.769128 764.808243
5.484554 -681.913623
-526.877418 596.225744
307.024075 534.237079
-574.672757 -698.997502
388.671835 789.428754
-283.604801 194.400782
-31.136087 -36.928949
418.659327 -974.614894
666.250079 823.261258
-82.867219 566.454776
-100.764877 -171.981049
-547.600254 -677.663233
-175.528685 254.043268
197.935318 -30.314583
-19.812569 -942.151965
-316.603550 -969.001985
85.391429 -390.148718
566.823447 17.610102
707.517983 -558.575005
-331.247426 331.550432
-134.855773 80.636230
-492.345118 -559.159320
221.526941 250.144767
254.559149 -771.025540
-689.212230 -562.157547
-474.687846 -716.549352
-23.552184 507.758116
881.669033 -32.245725
-802.808821 -510.189403
-319.109941 45.645276
-45.464481 528.001193
-7.970965 87.718657
-28.221007 -912.748020
-818.148037 751.280838
552.485338 -721.076615
503.887262 818.244869
-218.299334 762.383259
-708.592982 -236.915540
-102.070704 19.635761
-182.228093 -625.452461
759.118937 769.029880
-540.004428 105.260998
687.385131 256.503315
80.783782 496.411546
-833.257450 329.358811
144.036450 479.822904
493.340271 -269.192889
-622.151936 21.940954
331.059402 183.161803
633.132338 -107.300329
864.080299 -197.521629
860.716344 -411.659572
-454.951780 -811.008388
48.207327 241.394269
666.551851 -970.135620
-103.926151 -508.695404
43.872598 -171.177063
-99.076860 467.373408
725.800467 694.433701
-162.471818 -853.990578
790.402736 -131.115936
574.245161 619.185877
386.606681 145.186701
619.438264 912.034624
-404.493666 685.945872
-272.380537 129.301620
-169.935393 -11.337513
126.413119 179.787656
-91.257929 -230.527366
336.232914 211.507188
-251.978088 -472.250403
53.896769 652.796722
-182.993838 -782.196978
-322.167423 203.091819
641.153073 -808.623407
350.611371 -656.909290
-278.233643 431.101983
-498.414198 -80.280654
251.548528 -410.865121
-318.156372 -803.778891
31.665572 739.070178
-96.646334 315.663598
882.523099 751.468093
-919.512437 590.194937
471.948086 807.484307
-963.272351 -871.990110
-785.837438 -728.901821
42.366843 985.097223
424.469994 -561.380425
916.593312 515.667479
-449.208811 976.510292
731.455647 -44.367498
-851.433703 -665.788731
-61.587521 428.994295
410.521674 317.060107
-396.595410 982.307297
-538.868878 -908.560673
960.747519 507.129119
-290.260107 -10.749570
661.369249 -888.027768
332.332703 445.808624
-468.419333 421.777965
-51.822043 474.370795
-442.260636 337.142055
-190.182365 625.635844
634.288049 -523.229597
-682.226002 -664.425159
-642.661641 -996.314978
134.260405 779.869946
-758.567221 744.336974
-414.499506 -13.220773
12.618715 -743.760585
-151.537891 576.143800
452.279929 523.570427
890.292803 -518.740372
833.319036 -924.639229
145.125821 858.955034
-573.099943 93.566425
-67.172966 -261.630185
-363.171776 872.191595
-514.830552 -941.055622
-716.078012 -49.874409
-986.007272 654.572110
-224.088595 155.111855
-215.035400 -888.754388
77.251850 294.770073
-411.916803 337.711694
-89.833927 -285.397731
-897.148918 -428.877469
543.963462 101.341561
-864.798681 596.667516
684.425732 977.670943
993.022980 -927.388407
617.281419 177.460270
555.347612 129.812327
-712.605642 131.217580
735.682411 -529.448003
402.355288 385.016388
707.724859 -335.355691
117.809065 -502.249045
538.262579 -517.604888
602.100597 -369.549973
-473.302771 325.094670
724.968488 263.518596
947.281739 -197.833064
-690.517989 -19.993733
-725.282171 231.992902
866.890844 -183.845554
-32.544736 -320.745668
-800.109926 -366.001451
563.504863 -460.212591
-528.910819 -364.049661
-687.624765 759.782631
759.640762 531.152352
977.353154 438.846915
869.801261 589.888940
-691.500394 -509.585447
298.140158 512.344080
-539.330134 423.414033
-662.961287 -143.575807
-49.492088 240.930186
-243.870855 297.217683
-838.011207 -163.409591
-641.464757 149.708827
-116.059156 786.837328
19.486046 286.853877
297.800683 330.465961
599.852789 -431.652177
929.242772 -963.111962
688.620173 -816.896664
589.954967 -504.747963
185.398054 377.241295
659.036346 668.484821
-915.901760 329.828870
46.463783 628.542697
652.364584 -755.114491
-525.524278 -338.831687
-701.160131 -510.175896
-818.107770 -571.275508
-565.001681 -101.604825
-432.670594 830.174648
-279.215174 -402.003522
74.903804 755.289099
-972.584394 641.761653
873.175847 9.198543
-508.869946 -451.889363
-104.037555 325.310747
856.251748 117.916073
729.589824 307.448180
888.068175 270.043345
-622.704881 -736.479641
842.390365 -843.879876
379.226592 48.193269
-737.600876 -448.734176
806.248100 450.669406
904.058291 56.842423
531.430639 -334.523007
697.108282 -559.936159
775.224330 865.067182
140.626179 735.758334
446.532015 -209.669172
-28.647235 -852.033926
264.642927 475.863373
744.577497 702.814560
-847.833764 374.129190
-357.415196 73.669791
-672.439055 920.064250
715.525638 795.515572
682.582407 -994.459974
-327.236336 248.708680
-430.521341 -361.831067
-868.996599 -17.944715
-467.248968 -826.361836
871.264423 371.434651
-656.629469 -354.348069
-991.445839 -906.505990
-53.149702 803.925730
363.508719 -31.456340
-669.112301 -174.453342
522.669928 435.660164
573.282357 -823.295616
-565.788722 263.255935
-706.164915 656.150677
974.930674 75.014240
879.236658 -909.004751
-985.081692 475.874121
-847.406685 727.338548
642.148563 -235.147716
900.204470 -830.550717
-884.888826 637.872846
-285.123707 700.161434
-148.967083 -923.902582
-339.267941 -792.132276
-10.350314 -773.991183
-491.394873 389.328618
268.157391 -867.130338
-289.347053 -654.513483
-957.906273 404.939745
-529.855302 -445.303373
927.239189 734.049304
569.530940 -219.076862
-436.452922 -278.810828
-981.116230 -269.306604
-87.635447 718.090541
849.594871 489.156906
-41.900207 304.451933
726.191845 878.285691
664.461845 -7.027850
-544.969901 686.910806
569.819625 -161.641108
408.497898 605.366873
156.295647 450.588359
514.123430 -447.481022
-501.057096 -841.783578
-191.491609 500.681993
79.665757 324.797665
99.466157 373.741259
782.548664 738.903643
857.741095 350.352365
52.273360 601.304822
899.138878 -633.620105
722.626459 -713.674287
-368.526475 506.739078
-375.894151 280.939105
881.908933 990.814355
704.627600 -121.534276
-761.351747 -204.572223
-330.539421 183.981275
-453.148303 -64.400699
203.810968 11.577039
-118.323214 -651.540952
210.095115 -336.238645
61.545229 -519.112375
243.035018 501.968327
964.860002 -335.551824
635.725138 57.035124
888.953335 -728.221318
-92.294387 981.701164
-923.227309 -920.298335
861.300864 -683.709115
707.195901 -521.244830
103.276053 881.804007
-918.941698 798.034226
-41.491672 555.800131
-745.245012 -182.819751
848.330320 459.608832
514.708959 144.630910
765.637522 -728.638457
45.010224 -696.067460
364.081304 380.787368
-794.410996 -997.186763
-351.683269 -441.526898
178.131069 -887.968185
508.083644 378.548798
-183.543166 -353.843192
-137.675620 220.122117
20.560723 -921.961907
-606.910984 800.531501
107.657630 196.091500
-64.912298 696.983651
195.454757 372.293019
-749.661425 42.406729
940.304408 532.819104
-487.995827 308.578044
-343.568777 -243.221071
-190.254089 170.666824
280.089433 -678.871764
-742.592377 -983.722242
-865.741228 579.949129
-329.575191 -702.115831
644.987853 -188.142012
660.841956 557.280248
-578.254940 715.988783
-900.202399 -984.225770
823.092786 244.329123
126.097445 -398.604392
631.217981 812.467410
-485.338228 -656.508524
-196.984503 -6.382271
-92.258531 -777.047395
-587.939591 -1.615199
300.721998 -571.116879
-638.827179 -466.642463
-329.397852 -868.782963
469.960238 -337.788004
-854.938849 -334.944732
-604.661831 -625.631523
821.343930 672.972647
-948.150481 -667.618291
-339.543451 -817.296745
221.937500 307.420458
-712.322060 52.717660
-406.864461 216.389689
648.361065 -672.446690
-171.317520 762.095762
-185.374747 633.087035
-666.305238 -984.446296
-18.427446 -274.927638
192.828690 -79.119491
-7.063907 -281.432612
-931.464452 -226.782803
792.080779 796.208662
-511.371047 -659.947933
895.859837 -563.406679
-966.785532 -256.702573
-791.581601 -676.584624
-842.808514 62.835673
-758.900753 -188.032083
89.727030 -77.797565
-71.518081 714.905662
439.950001 -773.004407
999.840877 456.821715
412.011702 296.611172
-410.210101 -749.120210
70.141721 224.820638
202.815292 663.339949
-308.621105 -374.673973
30.678247 591.070757
847.279356 107.961935
-945.495305 -664.925018
754.161662 901.443753
376.722650 -982.508959
626.862528 495.871470
-778.055538 -88.627912
-915.361451 308.731577
-298.438085 -786.282570
574.294066 678.361502
-940.676104 -329.442536
-896.659797 755.485262
765.528888 161.455509
32.442148 431.483146
550.809469 54.148473
-743.171421 423.477916
848.480601 -94.625336
135.495521 -197.095927
-471.949622 111.770786
-494.182573 701.178731
414.014613 -700.389775
-651.314831 -706.708018
675.406119 -306.992524
-785.443458 -15.715856
-529.305868 588.909004
-10.048807 -101.492286
-464.232285 -68.193103
-621.018127 -572.333674
-291.785508 -740.875114
-787.620960 -194.761822
159.797404 410.078440
-471.017306 538.966570
324.454060 107.660156
27.602196 648.731577
-331.485599 -394.003273
-224.394531 96.788135
-765.141774 -651.689604
176.894225 278.630994
-899.362240 -438.973362
-823.457573 -957.621641
-597.611233 -628.566066
-989.463214 940.248550
-407.945828 -468.235226
-342.243555 185.403450
-541.597084 -648.876314
855.541325 -117.789833
643.673208 684.036714
-837.837342 -493.133806
-548.260281 -212.154332
-500.937244 436.751792
-251.396373 658.516729
518.469176 184.971729
-615.671578 -618.073469
-73.605173 693.762171
-192.666097 517.962799
-902.240398 -10.542932
843.252513 -71.193340
-583.613841 -672.298646
-379.778428 14.205411
13.421673 -578.902189
-176.766123 -272.368073
759.926602 35.702512
-629.724585 36.077817
-469.982203 90.891993
-363.449844 737.166221
124.166125 -608.537824
-76.316439 863.614030
-720.543965 -848.448358
-838.369627 -776.606366
719.449141 50.210296
-66.347798 -589.715275
261.114757 -85.330086
-854.416216 608.779094
745.126088 -92.742780
969.841264 -326.477784
-439.848096 435.549557
-377.201209 789.853508
62.918324 335.846227
306.761080 450.245576
762.930404 -784.109901
-655.778635 -281.811076
956.485902 670.232209
-716.621240 -127.589632
995.590799 825.413350
-518.723293 -221.472420
-417.928389 542.210042
-225.768831 -117.680018
148.269978 62.928888
-706.441609 708.040400
829.773721 -459.686230
-405.826343 282.450346
307.406987 -629.037109
-852.782455 682.747497
912.837077 -509.584239
-295.076771 -927.387370
-105.202672 -853.336266
-923.028917 540.706310
642.083726 -632.189361
-334.053223 -572.242083
769.653271 -460.442502
-197.617739 -139.375704
149.376390 -96.361907
-364.178220 -12.894977
-408.814192 414.292936
851.274449 946.834356
-905.355156 368.758164
64.787547 686.482891
841.344543 -941.480695
294.105697 645.598261
-56.900870 -842.900121
-710.120018 520.448451
-855.179942 214.060829
363.086476 -891.296288
-700.646236 -22.174561
-281.452362 221.855151
134.127198 263.094822
-856.324636 -972.339134
580.484472 111.919768
-352.773370 -605.068597
-698.613319 -275.349433
188.911553 -854.915391
401.021400 635.414125
-237.053021 311.817485
660.689398 182.609212
-157.724173 294.998439
660.458453 -922.524195
-763.285216 -646.708282
497.396166 913.515026
297.629401 6.586780
653.208901 -722.439667
-614.866725 539.405857
662.116337 852.503938
10.168979 775.911625
-564.130365 -343.443001
156.721685 -407.847158
272.131116 -57.145714
878.145445 731.144702
-330.212842 -95.385608
209.993816 230.529914
-501.248640 -665.220234
-157.457731 940.755827
272.744774 -890.915710
-406.260119 -456.515187
-442.913747 -538.425988
875.162748 330.665948
822.986451 -402.381270
472.823545 382.694299
-621.808711 538.462896
107.277353 135.617588
-907.611961 372.609520
-539.098385 891.031840
-293.113420 -67.753626
-937.411467 489.857106
-639.562784 -190.940963
-13.298356 -506.241165
-951.572792 850.154840
570.435574 366.160990
264.978090 -621.225019
571.823623 477.697839
378.828309 695.198036
-98.320990 903.065526
743.604010 -168.197336
322.168950 404.786082
-741.069246 -975.268838
947.188287 323.642300
320.267126 -779.013370
384.703586 73.575302
105.896250 -804.981859
691.669261 -826.146304
885.577436 -658.004060
-995.702218 913.651500
-76.627534 600.131591
-448.950281 929.821909
-515.298856 357.037663
-7.097001 856.104054
574.232939 -606.408953
894.612715 -268.872094
-880.834729 -804.166319
-710.523350 859.987941
-95.165344 56.389920
46.943363 944.125755
388.675931 923.564263
-79.304134 487.328527
-422.286894 -703.015001
-659.209642 -193.065928
441.631610 816.480437
980.532438 773.395835
258.154521 670.224928
937.927070 -888.491615
252.804271 491.534329
898.173210 340.304946
-81.234608 -189.146493
-593.581404 -597.886403
749.457105 -101.361308
755.744802 -106.632871
-741.643116 113.242702
984.395404 549.549393
209.332842 -209.315630
-453.809822 -51.994617
-143.067702 306.899452
-772.008777 -62.504599
-607.237399 471.778539
-81.015858 243.174689
82.764494 29.791130
-257.691350 670.309798
296.925933 366.680681
-568.394337 165.791038
986.616871 -175.357704
65.871941 209.137687
-891.055266 -642.800533
172.177705 458.910840
282.813998 121.777924
286.274211 -315.779114
846.452581 337.360409
-518.513572 573.940958
-555.523540 702.902669
-183.397170 -306.544761
-703.991260 -487.205461
683.369966 395.497236
949.238075 25.051407
270.988913 -600.500385
-269.763914 719.312461
528.696798 119.105168
251.076223 174.610763
-547.509457 595.967887
176.134417 505.068453
914.990014 294.676052
493.069234 -768.772097
-306.339739 -529.842830
-763.816775 -956.851538
-845.357877 -205.904308
335.154638 558.925247
-356.879627 -658.028202
997.354057 102.181995
-844.483517 648.176400
804.882519 -916.247231
-890.291511 -184.200534
-726.161681 188.258766
22.791633 798.785613
-70.850114 829.964419
374.475785 288.912652
-927.171250 -948.887116
465.408051 -784.835628
-691.847666 212.980181
180.456032 942.345554
146.883928 -135.992024
477.664199 -263.102693
350.431458 768.846553
-765.849242 801.241944
178.391019 744.481730
542.358814 -489.426836
-773.636465 -273.549207
-92.451495 -476.418101
141.947629 604.855163
663.032671 -956.572917
889.222249 200.434447
780.990120 -849.750494
-418.278176 -164.064676
-667.827601 28.616409
-98.789323 -854.235596
908.819797 752.673956
-133.421792 922.673631
560.439876 -115.079264
-256.228114 677.227549
-499.154932 272.524480
712.755616 -743.479652
336.573946 486.886163
-100.524577 -699.312379
-740.797212 256.260879
-332.832475 -443.709000
-562.002999 -233.159084
676.113759 297.877131
296.365658 -902.433857
433.283410 47.614044
958.469028 296.133612
547.561344 497.177432
-580.647071 -863.668083
502.994390 -329.082902
-757.436336 274.184314
679.557516 242.665706
-207.383175 -901.765372
-155.990513 931.700099
-399.467561 -895.019993
-509.000492 887.832818
148.069824 210.157571
991.538299 -499.054266
1.051670 328.268722
460.624705 -834.773678
493.570168 729.420367
151.321866 353.548268
126.076033 -980.340457
-334.793211 878.555078
646.698334 369.385977
-397.873328 671.615863
-979.402096 560.893026
-616.176651 639.114407
-112.991765 303.615685
831.125653 -903.093353
168.621848 416.869112
-380.491724 -700.256559
698.006414 455.673805
754.298636 70.424823
634.100103 433.194544
61.886736 -489.040022
368.442085 -626.334934
-784.308324 577.316828
12.858323 -565.995205
281.193757 -859.587404
324.954084 -323.416072
633.239801 360.664478
903.021799 -84.098270
651.013793 -845.349384
754.236932 310.995037
-5.044629 -597.744773
79.883335 74.438398
117.845644 397.360803
-242.311774 230.455307
-283.676999 709.462044
849.008919 -419.362564
-3.352695 -885.285380
65.723920 458.274218
-24.153776 467.859712
-826.247720 280.687620
-628.766106 -232.585469
-971.509381 -883.329571
42.948365 -245.819266
641.592070 624.379911
-597.283037 -364.995095
90.246443 -83.071053
-641.519859 467.233988
666.961161 642.069636
-654.508630 -368.145612
-910.257461 -396.898435
-136.912423 -986.082766
-600.194954 -757.245007
-364.370877 -199.285432
670.276074 -966.251598
872.671668 -761.475301
-106.023057 -170.816283
-474.094596 -923.538783
776.831561 447.064715
859.744105 -458.250982
38.190246 504.105456
-737.265791 -509.477254
-567.090004 -158.030552
551.006772 -457.057274
-314.676077 984.116146
-791.076203 -749.563380
160.597640 -592.352287
-789.819185 -52.733673
963.349122 428.206401
-251.990295 613.330050
-232.406703 -165.279347
824.425193 -69.482809
145.222964 -950.893115
789.288372 471.756158
-219.658735 667.186900
-667.378477 -849.960883
933.918681 949.842234
-163.088668 -145.688888
-401.116538 494.389234
-347.742956 -101.212431
-733.208864 -600.925199
222.806129 -246.519359
56.752818 -760.692449
-961.613941 -646.019234
-372.021250 -226.145826
-737.985660 521.962134
670.651181 -531.489570
846.391356 -231.557627
-383.363830 517.938787
1.567988 416.446842
834.609378 -231.261390
-788.465665 496.741187
-884.349503 -497.478420
449.398577 714.941790
-585.728728 -510.085435
-269.161566 -576.007830
971.175149 -396.410407
666.841240 164.355820
450.808312 -578.692148
-844.086505 489.619399
667.670532 706.476905
903.399248 134.106612
-924.071373 770.717652
-238.527652 -986.745905
868.677975 -535.766740
-939.167830 9.688966
-339.998170 -961.275005
724.549188 -48.602539
976.288331 -769.430128
504.897770 -6.077456
-508.524500 -271.697586
-643.262028 -333.921935
599.853832 -498.911385
605.862080 -520.141628
836.521674 -305.114368
-677.782877 -696.233240
-879.077057 342.804955
-467.219851 342.970226
-875.533658 -168.892495
622.719693 -334.470342
78.609819 -997.026121
-751.098097 301.981766
899.888724 605.887290
75.014384 -434.850866
97.909813 308.516771
-307.156170 33.479213
489.926168 -658.640563
618.257530 221.396535
-123.842109 -469.655609
-626.474819 551.832364
-539.316092 358.697587
464.664339 -685.749562
202.583641 30.661908
908.653335 100.611180
792.016285 565.282420
-317.530749 -291.607591
-876.247310 -981.885843
-396.009392 -22.004907
-444.051178 557.073628
-451.364502 218.025115
222.813690 -491.844894
-102.877872 536.311603
394.301132 -554.806075
442.588218 -12.834061
-169.984899 -704.593102
708.754328 -253.125349
-833.463020 589.707854
903.110592 277.094723
-212.381541 -214.856023
51.291011 -687.752445
-641.845536 384.512162
-611.717366 -128.913584
-362.893156 383.451723
-70.509614 369.096011
98.767189 -535.014622
928.596237 -765.854461
5.358124 -193.905858
534.004428 339.374436
61.350518 -428.863595
-904.979858 115.972691
-589.206658 -591.852906
74.101494 240.447513
144.401600 402.023719
248.038759 -645.958346
-286.617546 741.310201
714.988480 793.624599
-889.676046 -615.509510
68.119243 501.213717
-153.945670 536.710446
726.496871 -98.990348
843.619786 -325.881814
128.799771 200.913676
-616.931813 707.234916
-253.961727 -77.323758
-219.147323 174.792034
-401.968433 185.484193
-806.094689 -399.096091
-970.810699 628.825784
386.220061 -535.361392
-738.663896 -114.726662
-354.694962 839.089270
-173.263624 795.668781
-855.830373 -634.347862
-89.663382 -521.053178
-123.209457 -361.807112
-375.465126 212.147810
-747.445008 -128.657312
776.539200 -688.030521
649.174448 -923.711418
26.874191 -437.444798
525.226592 -930.664142
496.432294 755.993173
515.950172 -478.069634
-208.528368 -619.218128
-334.618782 602.160031
-705.189370 -795.678723
717.237231 -231.040075
231.705649 -949.798833
831.731903 -531.928957
623.491343 579.338133
-279.021024 -653.917196
854.604436 23.007441
-737.322399 -492.700664
-387.440322 666.579511
9.484430 -642.820994
201.580591 -885.067021
-880.599418 -573.259810
812.107791 -219.072996
-439.611220 819.878559
-388.830794 -159.911980
-4.000929 293.985771
504.456093 -193.667037
-521.152760 -970.809895
679.089174 153.403773
965.812277 593.927406
-534.817523 571.484863
554.611598 552.964815
-318.538356 -142.142453
551.504967 -845.874379
-77.813617 106.287458
-467.728467 341.212630
-203.712833 413.007636
303.015961 -362.966918
976.983743 798.112917
986.537112 536.341355
-28.396781 -84.525550
563.335844 382.414843
-271.754326 -316.164045
-115.627837 651.320429
-621.350883 -279.441069
-668.089224 227.358751
174.978915 -331.991628
-709.412754 991.104267
227.879679 -831.466799
597.195066 125.802350
-826.609747 218.792280
379.814678 201.486982
540.965662 -746.539270
332.351512 -905.245085
-799.702268 -938.988388
752.620739 -563.472127
-494.785339 567.832808
255.227630 891.981997
390.298490 -947.596791
-220.999886 660.671616
698.036887 442.264545
899.475033 130.787663
-99.817383 -250.393797
-742.259958 433.889930
-239.692737 -893.178946
867.038243 236.624341
554.649995 -82.028643
-522.735952 411.227610
-574.616203 -429.793462
-178.085041 474.829321
-880.875683 -362.143995
967.982731 138.102948
380.270112 -382.191292
-287.987132 -232.099294
-818.184004 -792.668581
-319.745529 -758.932853
-526.111620 332.075343
14.847230 -382.115470
738.704678 -751.983905
619.613425 106.342034
-692.937569 -778.639435
960.766106 859.219616
-819.035363 187.471729
810.567469 -371.059795
355.951406 404.178701
847.164522 132.622899
-831.007956 333.955782
-735.098710 651.811779
827.049276 937.920553
729.277384 745.083368
743.846107 -916.153359
-664.869222 80.171647
-39.030109 582.979306
56.957075 -316.653838
149.929585 316.191057
614.413418 -675.130062
835.869894 449.716082
449.382206 -955.980188
