256
-542.913055 748.752377
457.930710 427.764467
-981.938081 927.316185
-225.224120 -368.122748
-99.545735 257.123278
-20.616175 426.060635
-906.165544 482.838100
-853.335643 722.418209
803.439039 401.016578
-443.583637 -402.827259
-381.591709 -978.883229
-570.522599 -459.921748
977.326686 49.963428
-362.350002 700.343102
-464.964396 -869.081446
-805.406572 498.389998
89.332160 779.441255
-263.225047 185.060901
-934.651774 273.847388
-275.519837 814.670983
721.018995 708.799587
-571.291641 -250.746281
-450.375452 -453.597569
-280.627630 973.849637
-445.507891 -171.816844
267.753829 -315.739997
278.227391 514.520382
-793.066354 -881.034403
411.430313 -102.151761
-221.611705 711.333581
948.939118 713.272633
-458.849519 -701.263506
-584.151168 -479.816120
439.575134 236.440416
171.101756 1.950033
425.252124 -748.247115
189.667455 67.631188
897.940361 823.591699
357.403587 -619.202493
-869.294398 -436.141998
-535.589020 -994.831694
-189.165637 46.380857
416.695918 169.599238
787.902441 259.351348
703.890332 812.474400
-917.600820 -528.759033
513.577581 -802.913847
22.058917 -379.753400
-346.009464 -90.750301
855.554285 -682.826365
42.655622 -477.128939
-327.846004 338.871458
-675.202879 -862.567787
-293.102044 -397.689359
389.332661 37.116624
726.611449 111.377908
422.766928 -588.760631
568.452108 -65.521902
-916.011794 349.294024
-165.964578 -521.982439
-968.811560 -711.510346
-332.056495 -355.857953
-231.440066 -669.831451
-344.303977 -776.938533
-330.667252 736.954083
-794.603511 714.683875
499.526339 -869.397569
-381.373916 270.698511
40.998287 776.567338
-772.348039 117.091728
-471.407116 -870.414482
815.453619 -290.154243
892.622588 793.786678
148.410732 -364.030364
-36.999293 175.654169
-609.288715 -23.749159
220.113229 -23.056384
289.410403 -62.685336
-385.285956 32.705948
-761.509845 916.278839
707.198535 695.943804
443.843360 486.952758
-745.702361 814.889722
178.799310 -613.843353
342.804559 449.132670
724.348947 -946.612463
-939.863426 902.004821
-219.011164 234.210972
669.982045 -827.596472
296.528868 -530.720124
293.443449 355.790005
498.748612 -735.147892
-651.472840 -799.110421
-820.418295 -473.149741
-91.648130 -385.385360
373.384699 -751.255793
-815.631306 641.447168
-657.096214 -31.844596
-136.458230 -580.694361
640.889411 522.801066
68.664092 731.310923
-867.345370 157.515012
-858.723516 -986.152629
-338.167609 730.895783
901.213635 -120.264780
614.109517 292.933306
-257.421529 717.014509
800.297955 -966.174133
-397.590614 396.875620
-293.272207 829.385391
354.061067 -349.503936
477.096046 533.460841
-468.851683 -4.715998
-289.528459 343.942756
-954.327050 -273.782467
287.433479 -466.073550
-635.020848 -416.078204
297.475765 134.748301
-693.856249 -260.291064
533.176763 -294.434095
804.918045 -237.685123
135.697509 122.917431
878.388553 943.344545
-965.973715 -801.790472
672.994345 -942.719924
-254.522794 -290.614679
-52.522755 727.155565
-718.237989 -498.217761
-420.685682 440.725279
359.051175 -467.527674
-352.518472 -462.893600
677.938883 -375.864690
787.253256 -186.082103
-975.595556 -580.940532
704.673070 -402.572654
510.344957 927.627199
691.007352 193.890726
409.165522 761.720374
33.750353 424.123637
468.298076 120.070422
-560.394355 -642.442569
-246.840755 -882.877328
-209.610200 82.564387
919.890112 584.196125
157.119762 -374.846197
-391.393461 173.351772
-277.003452 171.018223
924.821581 882.292677
746.805267 965.051150
-954.407770 150.582209
920.215331 -972.732854
-613.372859 -534.840585
191.549443 203.389079
-104.907299 -913.497306
-275.134169 390.075273
798.505776 -246.713384
-849.376553 219.283753
856.149595 293.898191
57.851251 468.586530
503.471323 96.633481
636.168975 -152.260027
301.072852 -98.201855
-107.611273 -508.014501
745.688209 -435.307233
577.931206 226.780321
930.388407 -191.218900
895.461934 97.437469
337.402644 -700.919514
-417.203384 696.537072
-139.485054 545.501345
160.499157 839.410867
-693.872617 312.808974
-959.971803 69.978530
134.639384 83.880819
-599.954311 -305.365764
45.359469 603.060976
-404.934709 41.150174
229.352058 873.336422
-558.852806 -360.787213
23.983109 169.532089
422.294716 -732.666542
203.662882 -983.681628
56.279115 -264.068581
-481.447625 918.591493
-595.098573 -375.204703
-799.254871 -172.457067
478.892490 287.012703
-396.759077 325.018872
-427.987467 -970.272123
-896.932144 200.748354
327.523219 -227.609691
125.947666 95.210795
-426.362197 24.982543
-813.117275 -336.988241
731.144283 -81.613769
303.248499 -234.819643
126.071568 -319.051982
79.590234 -921.228603
-313.155350 -383.868256
-73.211567 -599.156950
714.319427 -969.459657
439.712710 54.955376
-67.565823 -429.910862
389.548016 494.909564
681.009267 -336.453139
-43.153993 -663.475887
-772.710351 -384.848456
-683.958257 592.673644
-186.842394 -895.191543
920.489210 -344.812238
789.205691 190.974083
-248.788124 95.774002
575.356588 133.358697
580.379867 -915.022337
-782.835472 206.601009
-140.452374 45.572849
742.483757 -63.444502
437.983007 -314.336999
-959.507578 -202.388858
-107.070094 914.754073
-30.845066 -196.095418
-891.608935 618.514437
-594.838217 -546.551420
449.367728 -583.145194
152.862531 -436.055660
825.385797 8.243005
18.054469 -407.769855
442.962608 51.477463
351.689786 -938.848826
796.782138 464.736304
-809.138041 62.327410
-295.458456 -842.813963
-606.394796 924.015847
-628.197586 62.522318
-245.537395 431.180930
-743.372494 -823.587969
-75.701895 525.989221
-420.118209 -551.355418
-784.212590 74.197979
793.758920 842.554838
422.608602 -306.381490
815.957465 176.271310
-207.985883 -33.775613
-301.484835 214.540945
145.322219 -182.897204
595.878240 149.084255
-262.014232 -815.929914
220.923335 138.816567
684.433516 806.899740
-618.121826 223.008302
550.811374 53.422241
48.868242 527.035383
-497.171840 -30.882503
-470.674595 6.711649
890.831940 -706.651958
-566.323637 -335.401524
