2048
-502.635895 208.640019
990.101966 284.501963
751.212977 561.441939
112.562657 -507.087210
-905.740893 787.222326
549.323779 70.862101
-621.381825 134.355462
981.421587 593.630819
778.429558 167.141570
489.506605 376.752382
603.966058 17.412482
770.653935 873.821602
369.629153 841.770896
-983.239027 66.804968
-490.957200 988.974966
-4.209134 259.186281
-387.445643 548.332790
894.009528 505.052988
550.766458 799.840074
-636.297541 -264.668398
-919.850222 858.193046
-385.524772 -764.407975
-760.606098 -709.972421
-561.589314 -616.105310
-836.414749 466.761900
558.131479 -234.481984
-541.890194 -537.368672
870.028514 638.168056
-813.863330 -772.512147
874.377834 443.019836
978.453229 530.925042
-657.066436 698.794213
337.061879 -459.221005
-80.259862 197.871667
-812.795153 -287.219407
-892.952225 -394.227400
10.260086 -634.595930
911.006598 636.479132
587.799706 -360.570254
-902.901524 196.828038
-294.649589 82.534751
103.447317 -838.480421
533.949914 -907.238340
868.968898 -440.916343
138.683988 884.015787
153.486291 -772.412643
948.861702 -736.345177
-676.634533 924.856194
-763.339564 -692.853330
-357.214065 468.572511
-300.195248 -102.626490
-37.348927 -742.916459
-728.874354 -30.590298
416.609226 223.475741
-778.321661 774.553398
-329.012439 654.756447
873.465785 -930.363075
69.304237 -605.234949
522.603677 -667.298271
-487.254553 486.993375
-524.328298 614.863839
19.556948 606.018322
256.686518 417.286228
277.737341 698.523904
860.755908 -218.947130
972.849849 -999.817472
-990.602773 621.448729
849.532648 -153.769857
428.802052 444.781372
-295.173215 -101.390279
277.188536 -756.371972
336.855776 -370.855234
-451.983392 157.315871
-114.069925 655.619216
282.879947 -472.660194
316.111494 -493.651559
118.303185 837.581232
-858.458273 -313.019047
387.757911 945.797755
247.929094 -599.325830
-920.585387 -266.569926
-151.973717 -41.986445
-193.535688 -488.897044
-249.829371 -212.719802
173.967110 747.255417
169.342388 104.476565
10.009390 574.740459
333.047298 76.443099
-505.879515 -552.727550
-446.816458 360.621598
-504.003758 -257.165851
-982.789282 691.479746
-549.603459 -846.318621
-482.712445 763.584127
-960.314944 -728.644222
63.681163 907.384984
-405.088709 -495.322738
719.923314 -454.911507
-321.425828 -659.026243
196.666974 861.838978
854.984324 90.182695
-714.845858 85.959290
271.390914 -793.937642
-832.706044 -994.196172
810.344429 -204.493788
-572.546811 -378.430327
-204.256969 881.590451
-236.993655 495.380996
605.721305 273.132744
-286.595436 663.669359
-718.999916 -487.638848
-228.250878 834.530594
399.188787 903.281952
-588.934714 -328.762251
101.275877 -927.875338
-773.295384 -740.337037
281.670235 -274.162562
375.428300 -237.809799
11.244038 -554.938551
701.563101 -494.143407
-707.827631 811.632762
-901.584857 -346.019910
-740.749686 -307.910009
832.697820 335.368251
-755.143322 308.518193
542.227340 -951.783885
-689.449234 488.368174
891.937340 -392.929952
694.498723 139.944269
746.901823 -214.359981
-715.595119 405.493423
-872.281838 -134.160025
-205.593965 406.395746
892.222757 -14.395610
981.250253 -562.485694
-427.419505 -5.405309
-800.022690 429.219878
-401.606322 -2.891126
228.765992 -141.636404
-377.479602 -635.971763
-169.043204 529.320742
-686.600690 791.679612
-439.888479 713.442619
-204.705440 -217.955586
215.697319 -877.489566
-771.319913 611.467324
936.648897 686.042883
-472.934973 495.235590
-351.488952 485.869755
431.335896 -743.176070
-798.208091 -930.852951
-4.701032 14.055097
-80.377259 -284.867424
-731.634648 -844.202721
659.559940 -585.967157
469.069433 -915.931469
409.187353 145.305839
-350.082197 89.226826
-719.504500 -570.649433
-490.976582 -266.512654
82.809678 -281.834668
-252.929820 446.257671
460.002312 -298.401152
909.453149 -666.301385
-827.351920 850.269228
-0.329466 525.343309
-597.963776 -580.281036
-195.193125 -558.651508
209.748194 488.145150
959.497099 -153.453028
585.174642 -497.455604
821.696019 47.442151
-561.213303 -136.555126
809.409317 -167.850535
-587.758758 105.150377
816.204878 89.379850
-546.733339 -313.823339
-505.000999 379.557466
-950.838620 69.194355
-444.425629 935.631306
-152.368197 -454.638828
423.625481 -450.372235
999.838425 349.295373
-331.073947 11.753496
689.477754 -709.669576
-181.308931 875.099432
189.750950 -950.937999
-271.804711 -839.121204
-434.445857 184.508705
56.655816 -30.245889
-750.126705 713.235846
552.525192 610.965921
748.602576 854.359843
640.881032 -368.516133
-40.259306 -135.622863
-712.798785 -589.890159
-159.495211 -424.340259
-709.719313 639.928232
174.980377 333.080739
601.105887 322.945977
-147.739951 -158.672058
63.806974 576.841667
115.883297 64.467993
-412.650972 -607.954156
-206.830876 -607.670623
-434.203391 287.755931
-550.236009 -984.900735
689.407567 -731.951238
-834.863463 -647.155705
690.632875 226.543648
-866.140044 491.634655
12.455579 -861.076815
-844.426523 577.067197
582.655825 -70.198511
449.552136 751.090872
526.409938 -559.746315
760.935681 -850.258055
260.494867 262.317907
-357.428837 -515.199108
650.283951 -712.863505
-334.525077 884.167796
-538.833806 -604.482791
-513.817990 463.818304
-13.547431 255.149316
238.440191 689.951509
-469.944890 -779.896024
918.864240 740.994069
-258.303152 340.359009
-442.273343 104.660616
-714.686364 618.392264
-490.680863 -206.415654
-448.799697 -685.401313
314.999423 -15.568664
250.069860 -150.842309
356.950540 -267.952088
632.832097 -274.328064
-41.903094 551.052346
-452.102138 -625.059252
-371.073844 -466.951934
755.668913 488.831096
-23.900248 -325.452498
-518.850091 32.067899
-438.120051 530.215749
-827.881186 -56.239161
753.317420 693.446323
-496.598839 -776.607742
158.945029 389.218790
-843.022906 947.274586
412.643193 -722.968140
-922.322174 366.617491
493.672701 535.929422
-825.407487 708.560032
445.354365 -43.041348
760.207691 -775.074926
842.966832 288.111728
-734.096666 -400.195903
-171.164798 -834.414574
-331.135390 942.866871
635.528742 756.900673
-88.031341 661.506185
-442.484814 -898.492698
-975.334709 -387.950706
627.369440 464.079692
-373.418768 542.381441
-640.957479 -621.776686
-338.549487 -3.763998
137.146725 231.977851
403.082663 -606.330517
170.612414 -292.316332
355.406565 974.567477
894.350038 -983.320368
333.832928 -792.822988
708.025074 83.406861
-331.526751 -341.476445
960.935768 -634.313412
-292.148130 -549.860264
-538.011485 -344.064114
325.276491 -570.026052
-179.817763 -546.395700
-892.303522 203.481489
-914.402767 32.195264
754.515894 349.088324
75.796797 596.067879
-740.547305 -230.753391
-777.935364 125.289497
-280.131259 -16.910933
405.165788 -410.138567
766.739702 31.251345
264.988331 -821.899991
-94.371420 318.879872
25.422734 412.177783
971.014849 341.765323
646.857616 3.554079
-718.717154 454.434269
698.043339 959.620491
124.684997 696.200880
200.008404 667.266964
344.281331 421.195780
-203.458475 121.088088
-698.148972 -894.413406
-848.728052 -722.797941
-327.435324 438.242743
986.832665 955.651472
-314.710069 -439.382741
136.338988 -759.018755
243.773446 -133.573170
-66.014804 586.452841
642.491531 -895.930341
175.266488 -914.234933
757.820495 -206.443393
-315.997523 -371.455501
530.499172 -814.871812
-429.323088 -297.537749
781.249842 129.593715
-522.730277 742.662736
-895.350142 -28.568888
-443.238058 -412.885125
-103.346100 -947.519908
880.717731 23.853616
-493.323685 848.979166
268.578560 -633.754066
-430.416063 302.245374
67.652205 -915.247319
-598.753906 -426.511267
-258.114307 942.846070
-381.080657 639.090768
-559.507860 397.993152
988.473856 456.333530
842.675788 35.868638
332.717353 377.288169
-422.455437 527.467546
293.547151 754.791251
-466.365340 -112.764186
760.166888 -297.139110
-22.972845 326.850168
294.905916 480.308624
654.834166 -565.613884
-917.570979 -828.864703
963.178793 660.343279
-254.796886 -168.533747
156.560628 301.764188
-538.605309 571.451361
911.104151 -341.035256
-536.100450 -380.115098
141.559202 -347.826124
845.079727 93.388071
909.703500 646.817955
767.583319 -456.759863
790.776214 -86.243439
-46.451851 93.920555
-597.443402 -483.241510
370.934983 177.145145
710.321400 -316.550883
658.237923 -753.200932
-230.522947 846.874875
21.088793 -560.030013
-697.206127 -115.966905
-835.966302 219.106549
-406.723929 520.173472
-954.201454 112.775200
611.283657 537.103860
593.575773 148.175412
-705.717856 690.692970
635.944333 283.878625
-250.235587 328.643227
876.426077 -473.692531
934.198089 -638.987981
-95.707654 758.832843
24.418494 82.980279
482.138562 -125.367117
906.668801 -150.889930
523.571850 -101.203674
-162.320667 285.841289
-217.601844 798.294452
292.754205 508.345133
460.619387 -114.402587
284.273980 -618.724917
-7.000369 -725.246055
-806.910527 174.755006
-644.626063 816.877036
-324.402947 -775.920098
207.138888 -844.629247
-257.012246 299.581132
-505.967351 -457.102642
-607.317553 -498.186677
406.240236 -672.020402
489.322828 -38.473077
601.128717 8.289026
54.077619 412.509314
-494.948327 640.948457
-833.006577 -983.532994
-108.490850 -806.796778
388.459332 817.035253
-271.550291 986.472440
-156.244992 -949.059946
218.560834 91.683421
-711.164509 -432.153038
-346.009377 929.378041
-620.922091 534.655858
724.465784 -815.207866
-445.264094 283.650601
-929.519438 -927.277159
509.103129 364.102320
234.154054 106.847094
890.121732 361.792783
730.503446 204.070985
433.793363 -655.734973
14.884736 694.234058
-264.902909 814.437625
557.763748 859.033368
71.497918 160.503786
780.037519 789.351393
244.989352 255.808777
963.310734 -845.298205
-509.414411 909.862291
-380.158037 386.637972
918.663553 -91.730416
-927.849144 -148.594848
708.197564 -224.845585
890.701376 -352.530224
-936.355335 198.563303
-902.596322 256.610573
515.043078 78.368470
-29.650450 -713.963514
-938.307314 -240.417577
615.454115 822.728776
-256.476836 -34.141925
-519.858167 514.311119
-269.420341 -326.831435
-220.763074 -667.221995
379.305712 -82.537070
-52.366020 10.024690
-238.548320 328.273593
1.814445 -36.762174
-820.725457 796.300259
-612.683028 -336.212679
-544.887944 -700.380802
512.537127 -237.531035
-0.467951 906.220210
926.246467 662.933046
-49.326821 129.823698
107.210484 -129.639986
-905.520169 -702.826445
773.981355 -775.582532
-802.336140 205.792373
-138.960410 -832.129548
-763.857141 -421.103492
118.622995 852.560453
300.540230 321.698833
709.017728 186.508354
130.149292 -231.873733
916.801127 753.106731
-13.942711 -411.473823
997.640076 -768.884514
849.410367 -93.728138
-484.215743 773.069518
-735.385158 29.234753
251.279764 -668.308252
-905.047735 679.373585
-416.597758 -265.142065
468.132058 -643.484830
-674.520592 -394.325174
566.845638 -397.516764
-183.399574 260.676046
251.114604 99.996554
-256.842695 633.531759
509.872255 -326.330352
459.657946 -931.809638
159.779374 657.225785
-724.608280 -316.615195
-150.090912 827.205224
163.918026 704.984555
-539.625925 464.194485
789.452818 208.017257
194.807282 516.445501
-534.579032 -415.206042
681.862825 -655.030858
-413.023646 -744.309081
-687.835484 127.490743
356.391113 849.009082
-518.390940 545.189855
-687.640323 -827.918731
-322.908361 740.446035
442.882746 773.390331
174.264781 621.285883
-299.439201 -828.421035
-697.344669 693.394458
254.322589 -597.528623
-599.856596 -841.067639
471.549288 -476.094099
675.931625 -603.270773
637.273588 876.467299
499.047448 968.095690
-431.263590 357.002101
-269.857326 -603.945692
-353.458074 -47.223276
156.557938 -174.704258
55.680714 596.602022
271.300132 -166.603382
-635.014566 -460.949140
884.181931 -608.384212
133.558406 977.108838
965.364991 667.480076
-439.171706 -190.350322
406.725158 317.758550
-289.147862 143.836470
690.764757 -775.107774
-793.112733 -641.683877
198.036229 -495.603712
-891.792980 802.506508
807.093596 815.849763
769.729779 -772.110418
880.458916 150.479289
484.277033 -514.653986
-478.430926 504.537754
842.322230 -217.262066
-343.852624 458.773304
356.962862 -466.895910
998.096438 742.294665
916.707508 503.213860
424.793230 -339.725077
-435.599543 -348.330934
-603.656319 -519.823641
-671.260054 249.038439
360.141945 -758.783321
-365.572815 -301.359332
781.529210 -940.560406
377.584422 -40.372704
-422.741200 -181.365661
-999.798415 -951.611626
-45.546199 -894.011850
-177.287698 246.542170
111.082947 -908.700392
-878.484853 -481.398396
-565.423810 -535.988986
-134.273707 -735.106738
490.491733 979.268658
833.997830 6.810366
680.241679 -897.163696
-313.166978 390.358967
-225.727371 418.819536
-329.290099 -24.217626
656.976371 967.949714
402.851359 -683.285456
365.453974 389.690820
-591.147915 -227.172457
770.461667 706.468877
-539.899336 -410.193010
-175.143272 594.836437
-339.511857 945.772103
-742.445734 -961.622065
712.562390 -512.556821
821.430596 -549.711378
-724.727227 829.122306
-99.114394 -420.118225
156.410987 -793.594201
-929.950622 336.998112
-798.990121 -38.679513
-996.164206 -299.295992
146.704781 490.688248
-172.816394 706.299788
444.906926 -612.829830
-723.890635 -848.055549
208.352391 372.258542
290.280468 -235.128222
-384.226375 -386.249127
-211.199701 -422.674289
849.144640 706.457688
975.193420 240.001434
167.162814 -865.503799
597.625220 -557.273663
-512.733853 961.142519
-154.861010 -815.903898
-934.517233 -820.531258
-765.055270 -336.023451
-703.438124 993.720182
937.055278 642.241726
-107.144757 419.252733
-269.140405 432.532243
510.899430 149.667770
433.537515 -714.994885
-358.832127 -596.585238
283.722854 587.925343
834.134819 214.157618
-773.232294 -400.924299
-374.958929 144.960572
389.055215 734.968053
745.057622 -147.800833
544.778033 268.291765
641.532012 901.222151
-824.048641 -856.690454
714.855795 989.517493
302.627149 -814.689812
303.830699 -758.613696
-559.653730 660.536490
-695.314550 404.628992
511.609205 -803.956569
-368.728829 -253.543122
84.158655 -389.858706
-918.553753 450.752542
-452.624295 351.877676
-969.828170 -774.958483
846.611578 156.126321
-813.683095 -539.327037
-760.099432 -864.170571
-921.386612 207.268800
28.638856 492.204785
310.879095 50.929232
345.049600 963.954115
-675.761636 332.382272
966.278712 -486.437169
646.594870 -761.414845
915.406770 -253.230532
2.072519 642.187861
-481.701894 424.499542
-676.947731 -6.864151
-781.307330 -175.032418
-845.784948 322.532400
-354.887735 729.219275
-358.299149 -878.544532
79.230582 -183.231444
-54.264825 -567.948217
121.320112 165.055405
-870.440649 571.136117
-721.682831 362.775616
-349.971942 -708.655622
-463.573136 636.216654
944.568536 -616.960778
-272.034632 355.929310
-433.579660 -282.404341
-366.203244 -536.334504
-124.569507 -48.268896
-318.062283 288.975286
-105.545032 679.388882
874.628210 29.821175
601.387146 -188.814567
184.230491 868.977095
-754.527271 -372.321290
-316.966644 -989.907307
-304.168524 919.574488
303.675527 -660.329385
946.420070 782.837168
793.829525 520.203568
-739.854235 -876.678008
221.124330 -196.780195
322.669386 279.051922
439.974072 204.823747
615.396791 -666.310871
-242.949570 -483.265566
-86.853877 889.921688
-218.656543 -410.690662
-460.500933 294.524284
-978.372821 -121.344137
-856.815021 493.070635
-726.829845 -617.713242
-904.955166 -472.836011
-498.139761 -207.636929
-292.722284 426.182689
-966.782280 -832.884252
906.359343 170.201132
-957.676340 760.125384
-794.151405 -279.875249
-383.522795 518.385390
911.687029 157.060495
-160.427167 130.085622
514.553653 -733.382805
-840.392220 795.527544
-484.291498 264.701555
-422.447260 785.479321
-110.721455 -75.060797
-383.339753 -58.622004
704.566259 -638.244351
19.652872 345.359452
193.591757 -270.913973
-518.445095 -320.024054
-658.911158 -384.365590
846.289481 795.295153
-937.109975 -492.638559
958.382840 774.052517
58.823457 -198.646911
265.591050 -464.224376
823.792952 -590.043612
-151.113827 444.093220
-586.912289 705.289930
759.771071 -351.607680
9.064846 -861.130003
-290.871161 -158.583942
-774.739154 720.073212
287.115824 -219.337159
340.209848 -284.153941
-328.307456 46.822519
-839.119781 303.315342
465.066344 20.625827
-200.707083 -661.907409
953.051532 310.781863
-54.954847 -700.846208
-851.630551 -468.333599
-82.705718 -583.648878
265.746998 570.002900
-183.607550 185.859681
-648.947610 -724.171949
170.137428 -687.904641
687.121075 309.877807
103.693522 947.470965
-613.041821 213.867922
640.670573 677.212152
-500.949496 427.049004
188.576884 -848.893332
386.114398 338.955336
51.478825 -830.600715
-241.154135 585.839307
283.760673 -349.078851
325.555016 963.059391
-936.858286 507.411449
-45.941174 -97.928500
-262.459652 -448.354148
-158.454097 -615.412109
-953.654792 123.210253
-297.579545 -483.926119
-602.683373 123.775426
537.255348 -516.970145
767.346357 -956.365631
-584.024732 -887.942116
-931.085089 -194.676114
969.721243 -445.722564
778.117324 343.067609
-525.032315 962.463592
-909.514101 423.015039
-452.981658 -974.432207
237.533833 -890.919226
-185.271115 -460.490399
-352.802844 281.770300
-289.527340 610.322415
-363.999337 686.259475
846.115796 -402.463833
-333.989596 -451.236259
667.799533 321.678802
-415.691967 275.146347
738.233529 -756.839968
293.032862 -555.808221
-818.353825 -831.743394
534.692674 -596.367795
-749.636471 769.913515
941.943727 -262.297551
-574.529073 464.568970
84.004726 328.113223
552.984036 277.721333
43.787987 -563.836236
97.261121 921.329650
391.615391 -902.638048
708.158683 -438.334074
616.319662 -40.846414
-655.464358 -120.945022
-975.338749 -199.660487
-871.521895 987.798130
123.150085 -729.534605
5.387745 -396.239179
361.429017 -177.381223
276.606550 -409.879300
146.678303 730.622538
-13.303831 -379.518970
-97.347178 81.956787
349.841436 604.522002
463.076518 -787.755573
282.123791 -771.197322
-659.985386 -99.697016
52.767050 814.666828
139.566478 -539.327948
-73.891510 763.104016
-207.588870 -812.334409
-89.627270 672.813717
479.142862 109.745313
-960.362478 -709.292596
236.184179 -795.195039
-30.345850 480.640126
3.907284 -134.948348
709.162757 -276.102332
668.659282 -320.927465
-475.341971 730.993767
-178.829828 -815.074192
-310.172033 764.529636
-422.156606 914.412227
-854.848600 718.073130
332.905918 -950.946978
453.430952 -303.758327
-758.496091 456.961003
131.066702 310.688626
302.021621 536.725691
-374.350066 -556.615277
230.291469 964.017120
-797.920426 612.167031
460.613171 -67.903220
185.288038 455.150583
-669.768588 -848.687018
-514.217257 603.975191
-715.494990 -334.106428
991.990007 -794.349705
-766.264477 359.710570
-726.805511 -748.069762
-817.765082 859.044996
862.970441 -471.756206
408.037488 -27.459617
447.677124 -686.367708
-321.851610 -243.126269
363.997903 896.471333
223.314774 -986.443086
46.582001 745.863419
281.435068 952.079881
925.445295 178.756141
910.357702 865.821972
-91.191579 -530.212128
491.935550 924.462729
-812.181458 -217.740067
-35.803079 677.770655
575.800305 -640.755714
264.096656 267.964126
-217.945098 366.280028
-216.046206 77.965844
768.214796 -850.368674
-300.304808 567.574607
689.073369 -534.939480
49.031586 -885.713284
-161.373052 767.713189
-975.327444 650.948507
-46.948077 335.699239
-772.513284 -165.928443
773.351564 590.278049
804.885468 -452.974528
823.782058 453.642417
-762.261344 -194.644671
-441.860339 627.471865
-170.535211 120.786081
-358.923081 -726.919449
-79.085299 -628.594944
-694.659608 121.084777
-251.836140 -265.772077
-899.546757 522.785217
129.676263 120.194191
401.261964 599.370966
-327.778217 -296.581377
-835.170089 328.746664
-435.909798 -400.389187
-609.138012 166.487357
125.474624 -113.548826
-798.841271 485.527655
219.219895 870.162869
770.118004 0.849450
963.548754 124.750723
833.124567 -902.652929
396.371843 -684.379559
-501.928762 562.931248
127.279393 664.891121
68.773326 624.944767
-681.196084 882.115407
312.084785 -199.947730
392.328581 -629.877340
625.635777 324.435110
979.458838 -47.094597
-274.729233 -6.320107
-619.915976 -772.951054
-848.570028 -988.552213
219.362675 652.050142
220.325232 479.183512
14.269366 -210.899947
-886.346040 -60.556586
-54.841260 677.705785
-864.914341 844.534765
45.456492 -537.636244
280.800976 492.439419
186.534338 -74.393881
-72.428724 574.623941
310.623902 -886.493140
-482.641058 631.766415
306.874476 -330.764875
523.098295 -208.618384
-748.294042 -332.539819
830.901124 -696.674573
-370.498124 676.177501
345.151268 -747.569022
-603.920042 -777.339249
-276.223990 400.379555
-290.303808 -142.814603
266.392283 513.187924
702.695054 -686.258116
-446.581347 -428.044926
589.211924 774.057659
-926.462625 688.505990
-670.875311 -570.503499
74.286278 611.788344
386.441995 639.440163
424.950863 561.262808
-6.292798 481.753767
-360.443112 -745.676770
725.777455 813.388873
767.395518 680.636309
-797.250450 -540.752197
598.035842 69.206130
918.402845 -970.389949
193.086352 459.060355
365.265532 -654.771244
321.722535 -995.607465
-371.708283 -796.632071
824.662608 -232.124196
201.083718 -894.417602
-397.916509 -162.665892
908.439309 -150.782646
-936.478965 445.976286
260.992410 -611.520959
848.059800 75.785881
216.859558 -956.745220
644.570872 -803.515023
-821.211470 70.373286
551.261588 -933.377449
-927.099902 -937.146015
683.399563 -469.127537
103.790770 -73.330108
-603.594813 641.827756
-198.825838 -931.760384
-444.073012 -654.219518
-576.461089 -72.046687
-535.136306 -475.834629
-681.235154 513.808821
740.040074 -899.717753
-752.980642 834.951514
-485.495543 -762.095795
680.535938 308.186158
-987.561999 -15.779466
-54.395075 891.047018
344.999412 -273.450131
-854.877071 -904.826140
92.250498 86.363943
182.842608 -185.181448
-971.832427 -378.908154
-533.435160 -39.308609
637.393655 -688.107889
-787.830575 362.403602
952.427237 -879.030641
876.455497 132.258137
-550.020481 -461.108957
-706.012803 360.559534
-82.725352 281.499705
667.360682 584.804981
-644.301825 931.671373
358.980091 428.247596
905.752800 -13.792945
821.081309 -910.797728
918.766166 977.217434
355.985353 -314.535068
741.214629 527.208999
46.291474 825.192785
-441.080214 138.416893
-266.834939 -537.174462
528.874765 463.094360
340.526713 -25.865545
449.060112 703.321173
313.628506 -74.084417
-977.939467 704.349018
227.413353 551.521201
689.664226 640.265766
-78.861744 345.481305
133.316070 -603.573463
734.617425 -964.615443
-80.586866 -572.723724
752.992658 -947.404438
-899.461734 -831.767116
-833.855180 -279.335444
-925.407537 -197.539927
-522.740402 574.642148
394.184625 -739.488853
-822.849133 -327.235518
120.141309 -384.692849
-777.548230 981.221552
548.590558 -541.197011
514.612916 153.657389
921.623069 146.464199
-444.718283 863.488952
-398.745973 843.847844
-763.579169 224.701517
-96.128847 89.644390
-872.046412 -555.079123
958.041166 949.773001
-898.868411 -367.674857
-279.764570 319.193437
608.159821 -10.480412
117.916764 306.927245
-542.484802 -814.972956
467.009428 -819.809836
-32.572227 -616.925990
765.300357 -160.938408
242.101446 915.778047
-781.554938 -241.257654
-693.416200 -205.597244
619.800109 -191.154873
534.366032 -151.664868
-35.359352 -357.771496
-719.462944 -408.360422
-524.340608 358.281134
106.476493 -316.503939
186.289665 -91.197073
949.648503 -70.827334
-927.942412 -801.097716
640.211975 -220.212572
-776.935181 682.388677
275.428099 670.563887
429.423034 -236.440045
802.144461 -698.131344
-399.274975 653.724938
-26.017401 -132.430994
-651.923144 -892.392823
718.517958 96.461030
805.016722 137.607109
16.059166 -315.904789
-766.080312 439.552670
161.879567 796.534703
86.076561 -31.702641
-659.437198 -990.218466
-536.292059 792.374639
-136.380134 48.823684
-346.626317 -328.880278
59.810139 182.670951
-63.755983 -765.909538
-747.328337 738.054488
695.837105 307.084885
-846.480576 94.077570
93.448828 -231.114434
-417.848018 501.656699
-601.455528 143.978071
-784.834295 -372.833793
301.178900 -932.585147
-779.205166 -871.366287
831.048876 94.847570
261.768213 976.428089
-694.870084 297.001275
-560.719686 -211.746057
255.472172 -381.643969
355.670163 346.887007
906.319188 -894.361434
-54.483700 -590.432468
-153.198847 469.935817
517.719395 946.617770
-320.125899 14.605060
308.031971 121.876479
235.209957 792.657784
985.001350 395.484615
683.353833 114.231743
-300.743777 -186.963670
113.990968 -352.306859
-970.242395 850.664971
-571.701363 221.767264
-668.116832 -216.215848
28.686022 -535.850189
-821.642443 -760.776237
-892.283313 -132.220186
-281.647297 -22.286032
300.638777 234.387267
-535.573293 -111.299211
946.532578 445.930023
-979.200141 -478.224936
765.186788 -211.856766
-353.487035 811.191762
-699.285453 437.399109
5.551231 -774.341742
-608.557907 267.654432
-306.337665 -878.697916
114.990745 145.651898
-208.986609 22.196068
801.162634 -838.576475
-995.395747 -971.365873
-561.345836 571.996561
-375.561143 -698.865070
259.578658 783.583932
-621.358991 279.661189
479.592342 -480.748306
-176.112875 389.730845
-934.555415 -462.776102
-593.465825 -269.288553
-419.878315 650.036202
728.197282 95.233772
-342.005012 876.031904
-329.248789 -971.633658
874.922461 143.158051
485.550217 -821.051031
322.295753 -913.015379
391.405380 833.227625
240.017176 959.491905
725.570058 642.655147
-17.473821 -693.818953
-857.842909 -200.501199
-566.791823 428.282357
44.690503 -321.943736
-811.468710 612.029748
-793.598678 -172.466533
-446.677837 882.141665
575.633704 -11.300313
358.384266 722.753209
-563.910803 436.074220
-198.824601 -765.908802
-123.642586 404.726081
-86.260801 -561.762073
368.049721 395.047777
-267.757703 -865.924320
-942.849994 608.763897
705.204024 -155.934009
-539.163276 849.313343
-599.314675 389.855046
-392.046300 649.369219
-18.961087 -607.726901
843.539533 -27.329191
961.992965 -839.600983
35.816190 71.046198
-975.722464 -578.133333
-962.621472 231.063124
35.807163 -292.379858
176.378441 -600.984932
-179.659239 953.165185
-394.851145 784.571013
-63.162197 180.130037
-782.906900 520.350325
699.644193 -535.727186
216.230762 162.476313
-697.023364 -422.285587
778.675822 442.994241
-576.946391 59.221868
522.086362 -992.159170
4.947176 -903.100323
230.577934 981.173135
309.628415 -244.096068
697.218632 -757.034969
903.176030 -595.912172
-986.140361 270.500325
-457.657068 -633.425755
931.315397 -852.108712
-801.322683 -125.477573
644.703355 -518.850172
680.596245 427.314469
-377.253676 534.913673
588.281924 86.835922
-970.637041 -120.152279
-555.782972 727.136362
-950.223885 217.157508
-52.334133 -853.536119
-226.796754 -850.512910
509.331097 357.178253
955.270529 -592.574775
-86.889734 746.206561
-622.346491 -187.660754
611.229715 -611.871629
-942.265095 -864.485277
997.447439 -579.468973
856.755081 218.245266
-802.670663 -39.927123
-639.944877 224.871814
-883.239901 864.911231
223.886320 -790.809660
-643.198829 -481.337750
-356.718086 -449.766167
648.566641 -341.509822
682.850060 658.484688
781.372515 947.917954
-910.365649 425.670811
-253.190266 -366.530104
85.590122 -348.194917
-817.810688 283.445231
121.351867 352.524288
-700.321470 259.093558
-762.291014 909.623349
-157.114629 -33.161895
-988.048294 621.196954
429.884649 -337.083962
805.281466 615.319812
-279.106821 343.996054
-595.613036 -76.466898
277.453060 -682.680832
-503.484926 -527.887491
461.840998 871.194142
-544.927476 -919.530594
-278.037087 -685.934751
-878.774115 878.313153
-991.327981 -172.667323
-637.809528 577.306736
174.641426 -871.230255
964.865563 525.726401
-277.511490 -97.293516
-534.446134 1.782540
324.741043 -787.234234
720.259887 479.665759
-649.536832 -511.396482
986.897206 699.889406
110.516305 -276.469631
821.523592 152.442695
878.022864 28.981558
-425.256436 -444.694120
72.513938 -791.893832
455.433183 812.590275
409.905952 314.617679
-420.655070 783.141639
-952.392734 -280.115211
950.102725 505.043968
-910.365631 338.145141
163.776432 639.260457
-76.523757 262.784397
463.336591 746.913475
979.505404 -872.920586
283.795277 -97.882402
531.855939 184.124982
627.371554 -88.818329
88.854175 41.907748
325.918539 211.642202
-995.349305 208.577992
64.493059 -866.167781
318.817673 -165.956950
228.967038 540.118626
682.631527 125.303574
-862.648498 -562.944968
-900.312586 -565.499956
-362.724351 -284.085160
-108.889305 203.200548
-514.385176 -493.876217
-185.453899 300.446296
-272.695918 395.435065
-529.126951 -255.113601
824.631784 151.979541
-478.335940 523.006818
197.995789 -791.504592
-774.280183 -952.043543
-790.192035 480.902104
961.833226 427.303305
958.710915 47.045578
852.685599 -138.392378
-709.865011 -600.113259
-697.651679 454.641723
-347.209212 412.569838
-77.365269 797.292216
342.722571 -668.103661
-758.291968 528.548476
-820.638026 -224.515653
566.753737 -353.715342
811.276973 784.322034
-325.071520 -273.801944
-811.116506 -705.111169
-148.488442 898.716882
550.992302 -237.651834
-727.027464 25.794990
-374.801110 980.381419
-500.691166 -710.709905
504.700617 61.209587
-364.498291 734.311653
497.534680 189.148904
261.340131 -292.530629
629.660292 737.012610
-857.321803 536.880914
714.723318 -142.341485
99.701002 -262.547955
820.363730 -610.275752
-970.241749 929.783629
437.513393 -819.195548
403.154522 -97.521118
-918.184029 965.879588
-89.606323 -832.754619
363.404963 -862.865202
-89.560699 -638.832950
-512.828538 215.300522
267.576611 878.851374
-639.145930 776.212577
635.993341 -117.591671
757.126648 916.654587
-824.200995 168.455992
-522.919105 -545.476119
757.232228 -306.573582
-595.351520 125.377481
-186.595091 -125.938657
-852.814316 -174.155314
-551.467782 565.955514
230.757872 555.201600
898.705115 494.400055
-34.660288 -494.331461
-602.395471 134.626807
689.321959 -945.409788
454.189621 412.358941
-502.331382 625.159959
-712.774678 -400.832008
-447.453171 165.176875
-444.794856 69.494632
-581.043883 194.664650
16.047362 -358.214708
-894.314955 -184.454930
458.611830 -522.451479
-742.934827 142.950711
-649.811614 916.423838
-63.505965 -424.993400
131.268601 -77.500104
99.971578 -796.379532
83.523139 950.958278
-215.314004 387.223955
-323.989358 483.495668
949.667810 922.059616
639.322078 -41.878861
72.275969 -404.873145
826.059414 -251.681831
-231.972823 952.479576
72.186520 -962.514079
-973.088383 -769.285269
-18.196657 -119.641304
388.621551 0.316680
735.082281 835.857121
-819.973458 876.379010
784.168400 -517.810006
-579.355798 326.073592
162.504501 880.435673
45.502456 676.742583
-575.050293 768.431705
-898.341849 765.878788
-732.695648 362.472424
-889.702049 708.992542
21.723621 64.003253
474.428450 -83.805530
-160.867090 386.920866
289.513570 802.694303
248.457766 -828.452067
-810.510364 633.550565
-661.108063 -774.518762
912.487559 599.538923
608.358282 792.908879
-310.693273 604.701159
525.666507 748.437702
-642.141559 -494.920192
-618.542721 850.372215
-739.735274 668.259890
-973.585030 -417.384948
947.382618 -597.525225
-722.080896 -743.275762
-113.226989 -942.200475
-881.366830 141.208404
-737.548167 -751.866506
-734.823222 -495.205784
-429.447684 -116.016293
75.913986 -916.163003
-974.038429 449.774265
-585.729186 -981.024262
740.367849 689.706777
401.354280 -156.703664
-870.614152 -835.492308
201.613507 493.384836
-98.883755 -199.818834
207.142174 992.274534
-966.175137 840.609221
847.320102 405.126612
-223.017401 -679.502577
-444.116292 711.536130
96.186130 -600.334568
816.909430 180.307038
499.270543 406.310357
315.194553 709.704989
275.356971 84.861435
862.755920 -394.121850
728.496651 140.363215
489.764115 -925.024214
-41.703262 385.457835
-94.510192 -230.815342
-853.449175 90.665805
-964.395427 592.467481
0.878032 -837.217514
-23.803625 407.118844
51.928674 198.198219
599.338335 44.180513
951.927495 -249.810856
-351.614855 17.919450
-76.519123 999.390132
709.149669 852.691920
-776.483367 -249.999798
502.821407 197.758502
-201.980109 -995.346583
-181.323073 -303.588524
821.017888 297.432002
71.355382 -92.336870
700.632112 -369.527763
-882.408605 -249.157447
377.583072 -168.738233
-643.297216 -143.619834
644.367618 328.288256
-820.952548 -847.463702
-983.894785 -771.188689
977.503204 -55.213324
-275.166073 12.598067
-515.431447 481.020132
-16.223244 -43.615617
573.954476 551.084822
-805.280837 668.390572
822.265781 -352.130456
-94.213354 382.311938
-733.133797 -874.920648
-83.107464 958.744412
-3.065511 -977.572014
-423.105217 -259.661723
784.194670 -583.673964
-581.467390 44.814134
-263.779993 -486.127026
302.610767 -25.247680
-698.572140 -196.334395
352.341031 300.455843
169.953043 -685.810451
-65.989223 -409.261501
-196.106587 -98.852707
-230.716563 111.022180
792.987643 -294.916008
-26.914086 -132.685199
-792.475759 829.735474
-53.903212 -174.454236
381.546238 -856.060622
-839.104828 751.969567
323.204614 127.306302
-969.249028 -292.376194
710.215637 657.712640
-116.332060 246.900760
-975.902577 811.694255
-652.388810 238.860829
288.070843 -297.805988
-64.417552 704.585507
-191.476561 460.178914
912.856221 -784.212166
574.871727 -739.491629
-217.460898 -222.535608
776.738692 -999.128835
-582.171927 -332.706835
-391.477280 335.319439
726.620213 -722.521115
-652.671163 -244.114955
803.052260 -119.250167
712.690740 -570.949863
304.132835 657.102648
-566.408170 -910.500512
-583.477102 -310.869554
-614.509593 -393.851931
298.094371 525.598806
-858.040207 -240.739220
-542.338882 955.947329
86.108919 -607.917025
695.222814 938.956707
-227.242424 258.427263
-451.988683 123.817083
-787.793675 -74.370215
27.203270 335.544631
-348.814916 778.619220
693.225989 428.450614
960.789635 170.993204
499.339438 993.257659
-181.964239 -169.691269
796.439740 -196.658705
237.638436 942.695541
685.065409 865.494503
527.671643 -416.689045
-112.017481 64.793890
447.180484 519.783821
-312.340875 -187.727057
552.498205 170.711171
-913.750006 -689.004291
-421.563779 -118.012087
865.243307 -802.400317
917.061324 363.450548
356.353599 -52.281721
-976.380688 342.470368
-520.491170 186.541541
-842.147825 101.458652
162.192805 -626.449704
679.010420 635.567163
-86.428437 687.588843
-762.152627 -99.631999
-186.688871 439.622174
188.667601 60.745836
540.699852 918.648579
442.572561 381.424170
-641.958624 407.308958
565.801675 -389.752675
860.053791 133.231903
-696.328662 -203.293111
-560.815282 832.331072
-429.887434 -322.236532
662.992529 -714.848036
902.846391 -550.122019
479.111215 -214.672340
-125.014533 -442.075021
588.126354 -334.083171
348.374552 -892.332799
357.557854 148.883707
-865.298586 609.429493
-239.855870 -566.076989
127.135479 -150.968500
828.146234 -764.342737
-812.186570 -849.732714
52.172987 -844.025001
-290.418557 -614.088250
-449.377914 636.360115
261.065877 -396.698417
96.094163 26.500543
908.748531 739.601143
664.935772 -127.626526
94.040341 248.442337
-17.745088 -128.077569
956.195917 -22.892838
685.533522 831.820316
615.075062 -279.588749
175.172242 -210.726002
666.381257 71.394323
129.915616 -720.596707
-783.269084 87.780178
459.078389 968.859339
758.158943 -486.922706
-503.414775 476.097373
24.735722 -270.528397
275.356392 780.397418
289.021458 720.201473
278.132959 -539.208266
-293.178019 726.806491
658.973539 -991.615925
842.687920 341.067387
427.650807 -721.419649
-476.638778 -864.622708
244.232775 233.183445
-299.706664 -694.970634
-187.372076 2.365222
-171.888182 -1.955908
-314.815235 -52.209918
-599.617764 651.035891
0.052602 -432.748061
-854.108481 691.230754
786.827840 822.523116
883.632473 -337.942734
-767.744740 -21.876262
86.868338 -161.651941
-971.566427 -122.668577
556.916473 286.212450
-259.017625 842.296819
204.320730 280.574263
-138.148119 570.300356
481.454978 844.328505
103.261151 530.600057
3.668248 -561.408408
-863.593410 -259.983926
792.406098 775.755393
-808.868022 199.328551
728.824687 185.459666
713.800451 751.477359
-577.182298 -461.866899
-765.676828 614.776125
-769.483627 -980.030632
703.369078 -404.809695
440.069954 -371.784401
-0.564586 19.531446
202.973306 803.228299
669.555810 -835.435609
811.712784 26.826689
330.834893 464.935795
904.537565 -365.104230
-182.426549 -600.181798
-141.232461 -474.047621
-292.744467 -721.539561
-129.556936 310.948473
-864.358417 -349.273444
868.069389 -151.391869
295.417862 -940.596274
625.860521 -975.085710
717.006200 -416.739168
-562.447940 737.676420
973.601108 959.921569
221.807533 58.118838
785.405799 -358.203915
-801.399803 -924.194870
155.985647 874.723524
-318.148888 -237.646147
240.322850 713.520084
889.809736 -160.218436
50.772142 -607.630576
-195.257753 293.909664
380.710185 -489.492140
714.167955 -265.943701
-312.626047 987.584745
481.627177 435.541511
-759.549823 -773.618495
-865.620070 588.338830
-725.474986 336.123240
223.645476 638.407960
630.381383 -299.953610
-707.511928 -64.889384
-643.715086 -942.127099
-752.624715 956.633367
765.636420 -245.743075
953.571055 831.189363
-827.974343 230.297743
-212.328931 546.170396
14.225306 -150.100173
-582.299039 102.374376
93.969067 -581.879722
-596.612735 536.216374
-462.435908 136.149852
-74.895589 -385.961913
830.453852 241.758857
-540.624748 377.570405
-430.541462 -280.499722
-754.906524 930.243064
-232.078461 834.962486
-605.312447 214.482297
-687.523662 932.319133
-385.973009 978.207088
750.785917 -961.475090
722.774555 -262.904783
-230.365518 -894.628670
-401.125742 -791.150229
122.544538 543.704343
-995.757409 -97.688559
-81.301673 -186.966672
736.345947 276.026585
-713.208245 966.305810
952.978957 -340.100176
266.077148 -170.843006
-270.428780 337.984891
-151.619047 72.217166
272.710619 -644.890528
-729.897241 -774.371072
-333.320155 -191.204302
-936.666088 -662.336008
-844.113278 339.710385
672.095272 -522.971897
679.542968 -883.694811
485.469736 680.854158
680.709946 783.929747
888.086035 -643.980586
521.132243 440.198035
872.886651 622.360848
77.817029 695.806285
-218.902791 321.494032
783.818307 864.509948
457.881976 38.535940
-561.863402 -308.633737
128.021196 386.119192
992.303160 -995.218102
376.402346 727.714557
-591.904198 -441.574076
461.467420 -902.040063
931.588253 -363.252618
-680.337728 -351.798418
895.079964 123.460516
-773.974986 -321.531771
-330.829140 592.184411
606.031159 -143.029398
-354.166161 969.999518
-343.743041 -140.952293
-603.479097 -139.715236
230.821077 -111.426146
571.126608 -380.036624
-47.369201 220.642313
71.739373 10.625378
-773.641608 482.594050
78.480318 -574.174751
171.409228 -613.766628
268.879127 -557.506997
434.050863 58.460260
601.898763 -459.927105
208.083844 434.631624
-26.961967 -735.325946
-358.370160 984.190729
-710.771196 324.606454
-669.611978 -475.092318
680.631320 180.077511
-223.325028 -745.359928
737.928427 9.390660
-667.777460 941.562223
-469.425860 -753.868740
618.019899 -599.488267
-195.356249 -510.754759
24.073061 65.239187
-211.046479 -830.401574
519.846547 -904.381183
-425.153527 -300.322129
-650.199583 897.680692
219.462235 563.750821
-527.841439 -643.105074
41.971220 -992.493868
160.848719 -436.489238
855.816458 -266.534913
324.484615 428.637993
722.894327 481.517787
833.295377 612.155502
-42.942156 872.956020
-79.084664 331.329778
328.744475 -829.664206
32.501757 459.874256
-604.028499 -107.858967
950.412977 514.260483
418.750019 -711.795510
-543.284865 619.841004
944.106678 607.432563
128.600368 -229.619402
438.817910 -288.129496
-752.766571 169.930768
-600.575758 395.325427
-249.530528 156.464723
-835.519297 312.217768
671.698644 -74.341024
-705.073685 -953.688725
-571.933936 -945.140384
-853.581946 480.627584
632.700943 -902.646395
819.321564 -597.549714
-765.815068 522.863046
-891.828041 -660.800537
235.980042 617.409396
94.769050 -879.533585
680.024091 -865.078023
504.257618 676.863893
108.414345 -190.261541
-801.888186 140.833637
310.392047 766.818007
-685.562076 -943.803160
960.971160 -154.281624
784.846193 304.852770
26.949298 -554.594186
964.788850 706.767017
-485.650587 -224.065597
944.812864 989.645512
465.870371 -316.288096
961.846756 538.851274
444.174101 307.151829
-799.688889 -152.179985
-819.214873 -340.920889
329.227774 -189.155137
590.833173 -994.006892
828.827890 -309.307641
-637.590702 453.738802
262.613236 371.545672
536.150917 -555.301529
986.361354 -4.945641
73.729243 -892.414945
-346.144550 443.815885
-489.372265 888.806550
3.282862 -271.176420
849.884866 259.685402
-127.429363 -898.090532
13.523351 -155.115102
-262.747961 954.103444
-573.270466 828.146541
790.707040 729.693842
-662.025001 -758.753153
356.280991 -331.579604
429.556988 -888.008239
68.771525 -76.301575
-546.351864 337.534918
834.222290 821.442792
-799.622524 -56.586488
-884.793636 -787.197985
-367.116930 926.787307
-219.428192 -857.391658
-39.756954 635.299295
365.579853 844.795880
341.399571 716.063639
-164.358694 -779.857861
304.106021 -41.934119
-413.924232 378.742500
546.504175 -410.730635
893.564198 -4.445804
926.621317 -899.557474
-340.904062 148.179352
-991.715746 -271.898912
698.943115 468.625795
490.000205 234.001599
254.482513 -482.267211
219.398975 562.367268
-523.793418 -122.082231
452.905505 -131.109526
-711.899372 532.734367
-57.590256 -387.788796
-149.216896 663.316400
-461.171209 656.893468
-491.375705 -142.284974
-630.074448 -445.127353
477.707558 -658.973527
448.847824 685.259591
-620.867560 -716.256549
-569.568219 12.855558
849.295350 949.039158
-861.083922 -348.165260
-486.348709 -857.212785
-505.737745 -463.619246
-793.465555 389.109781
-887.320476 -287.753866
164.565658 226.976372
482.076259 -338.952428
99.409502 988.905576
-636.431294 438.446943
-100.909405 -815.885265
-416.150201 277.803595
357.138903 910.247813
451.838881 460.525874
-206.261290 -212.060811
-861.614999 721.539319
414.049464 985.181831
446.247248 24.003801
954.733319 579.451022
953.811252 -420.155286
413.862080 231.596758
-796.346706 987.926347
-946.319398 845.194295
678.373466 855.680404
125.913490 754.338120
-848.615322 723.765510
226.636490 993.164652
-664.710816 -501.435374
282.530016 -887.309626
50.496418 77.081777
835.348595 524.059448
908.969531 819.630061
75.087265 25.276371
-561.532549 372.046016
-452.864956 -430.988651
998.412488 -763.195037
152.883790 908.073905
-272.121514 -902.761032
-952.060456 -883.375544
-686.221130 329.138053
-460.234449 -399.398843
499.938113 -362.521833
-65.811447 356.626848
799.389698 89.002973
302.837095 419.974682
639.616929 289.489883
-318.890500 705.100548
-221.586448 430.440335
811.936902 871.035086
-696.197068 899.022596
-772.655619 -533.692119
676.706851 50.832101
-173.702070 -615.053914
-424.693304 50.996044
898.835530 -12.327779
933.315718 138.378778
217.148412 -969.682057
68.701494 700.371531
69.790661 -224.011075
0.247202 508.873334
518.010191 -237.383178
-534.158794 674.910437
-309.731501 -190.878668
992.562318 -517.166533
-95.570723 -402.394936
849.228377 -729.875778
-882.491008 226.490693
-369.201868 599.133580
103.211750 -660.878947
-484.170446 -254.886198
-667.270327 -271.383562
534.727657 284.048216
438.164001 -530.180091
-263.539873 -57.706741
-588.936067 432.382676
227.134641 794.343792
-900.992346 344.914061
-578.381383 -611.112727
-48.124276 -97.016750
-598.443456 316.995541
583.125416 561.419416
-373.970764 -806.405694
47.251572 -764.421920
-640.294491 -351.615633
-847.181201 345.879798
-783.080096 588.054064
-922.341209 -499.576368
121.976143 -23.720069
-500.635440 921.116771
-613.070386 656.108604
196.820257 -555.138404
-902.078225 196.100674
-749.815146 -634.796879
521.208931 103.205155
364.400248 60.262620
974.531603 29.510615
657.024326 -848.660715
47.544488 298.193472
905.598515 -847.903595
-442.956488 578.493951
491.135708 -389.772747
471.611877 -638.733797
-101.107234 834.532123
878.214923 -339.946427
144.679213 474.006038
554.566530 -106.444196
60.421815 816.901815
-882.638730 818.637693
173.403594 509.809011
444.791123 -753.234667
597.184085 -512.095921
198.480431 967.348851
-960.194936 364.065702
548.518775 -885.052174
485.169989 686.841197
543.151028 633.794489
116.562245 -297.893531
-498.035760 789.977169
-687.728584 -23.605262
417.192323 -82.749210
213.783562 66.287405
731.739022 -766.295789
-731.431121 702.188984
-965.995692 -46.953906
965.897231 468.372990
-82.197527 207.419212
-697.196753 631.133673
-92.423173 -521.720312
-491.560167 -148.595193
643.997987 -391.806173
-547.527471 602.156167
-859.694866 216.323572
600.530938 -163.076640
-574.302167 89.566528
-212.378110 429.287816
854.815801 190.641320
-601.225962 -138.955555
788.678650 -572.488594
-568.944472 585.262466
-446.575797 -866.671647
-753.837460 -388.339454
-999.978636 468.711103
-428.845968 652.537320
680.199967 -246.124759
-881.920750 572.005321
676.814118 284.672511
-871.260871 784.064736
-13.412782 669.403183
627.570344 690.156856
-801.585505 -833.568616
-994.951295 36.546021
-338.682059 209.904646
-610.902981 772.050567
-578.073981 296.810503
-759.269072 -158.230828
-904.733192 -272.111731
-274.275854 -387.156531
633.779664 -598.524538
-142.501970 -420.032079
-305.618371 -938.123614
-144.582762 -545.597014
345.126229 -481.191098
-8.149786 -941.543827
-309.654914 -564.527125
-60.770386 184.644427
644.641200 115.025005
418.064157 572.492806
126.743001 -455.337315
149.934095 923.037291
310.107117 550.026249
-616.787004 27.373866
145.506044 529.431346
-606.897778 351.987176
-169.395563 -944.602979
363.669011 296.426087
-467.419764 -351.283451
-773.225916 155.953375
755.877646 -803.116919
-908.967761 922.335858
-848.260388 -74.889679
-132.782926 959.431192
-128.664143 552.015481
-702.233829 630.378206
422.860337 849.461982
-323.721014 380.843230
-608.888895 -131.024675
-74.849368 152.070498
958.486159 -408.597365
-941.191056 961.319500
29.737186 -809.391991
-833.037358 -358.518884
137.670281 784.081116
-546.141191 88.688502
655.111112 -548.120890
-817.327295 -700.464483
-915.970795 -925.861865
-157.888400 337.782572
170.965348 -436.878729
319.724555 -539.130611
739.901592 -806.745901
797.890225 -369.947898
701.429477 -511.787122
107.852578 510.909606
-905.204097 646.215556
-392.740056 -604.937377
783.356085 674.861720
-558.604740 -573.234500
-611.514254 -926.558240
398.308728 -410.868509
-794.646499 838.143841
-938.660594 970.056548
942.302899 294.547948
-298.416776 898.229439
-885.749318 -142.719828
-278.206867 494.287660
977.448827 123.258620
-983.832686 108.550459
479.136966 -785.790319
265.411516 -891.520633
561.141766 335.829736
736.346831 301.225980
536.830864 -836.689900
-90.930257 953.941841
-737.176821 -3.847575
229.311738 -448.301555
-792.662328 785.208987
579.905213 187.479367
120.755021 -882.425765
-1.934479 -810.545683
-918.201693 135.731442
952.377692 -674.962847
-496.920826 -902.380101
-833.980117 173.512417
244.045954 -179.739791
-972.941532 -902.862771
-862.378073 438.543708
-639.038799 244.270668
643.967654 -219.214818
364.420524 692.636539
-2.722746 -870.891575
45.409384 537.509038
850.255577 -716.114022
925.924075 -984.312379
263.621031 204.287513
-861.994933 654.663836
94.815012 -126.496398
3.523226 712.790606
-128.615748 -516.649830
552.808908 783.862413
-986.087986 254.613786
-385.803482 68.670565
-504.361160 -936.379244
-148.722526 -302.795860
-645.301793 -874.842406
-414.688637 -240.362348
363.413328 762.866893
156.992760 692.768314
993.329711 32.844856
-775.081355 -4.205451
-782.756924 -205.587841
-744.316511 303.734383
-771.029522 -746.076478
940.465987 38.900766
-468.751804 62.370898
-338.924510 74.112552
944.113050 708.005095
621.070700 -133.235531
-232.191921 -865.123188
127.942127 -570.330526
-523.692642 305.029199
