64
-774.518820 295.739010
-625.742130 943.565663
446.630198 -164.515082
-185.478590 841.314655
-64.218979 987.900335
119.837213 -79.767813
436.101784 779.903231
-129.995806 -266.277953
679.746614 -629.746174
-387.678504 847.112825
349.367845 -442.575944
543.675774 826.653338
802.236984 9.162845
968.559618 5.674430
-721.064545 149.909634
994.540626 -407.711502
-902.054007 754.213453
-405.098341 -369.890130
935.912746 97.285001
673.064100 -194.690789
321.697208 613.952664
-225.926465 -278.136433
-419.253796 177.338810
-838.698912 -365.044999
472.946227 688.970847
566.497287 143.059999
-970.108587 3.792894
-69.788056 -222.663462
-298.818411 -635.166240
928.243126 -985.644800
-90.866717 427.785414
-159.492448 740.292095
-22.905108 -365.637173
-866.832959 -427.812197
-466.059400 346.888591
654.807379 827.743616
-156.581652 398.211583
-611.472883 -143.497042
774.859912 -164.607603
284.647512 380.014456
332.835899 662.356749
736.029128 356.700156
-685.030325 -518.697611
429.513174 -819.063369
-881.671802 -804.750968
330.401310 67.116832
-892.535911 720.967725
177.621580 -270.123030
-146.117294 668.680407
211.572359 -940.453627
50.542594 87.091696
296.815455 -529.134569
106.580981 -709.330134
301.151232 515.971600
-563.983400 -717.945236
169.174881 939.857741
637.517548 5.481495
198.492736 895.057390
982.193080 -490.763685
77.338375 -614.994432
892.979453 806.150501
103.249762 -762.435978
194.324855 461.177706
-503.879132 -625.511909
