512
591.250033 -665.542355
577.273581 -65.323861
-400.165602 -366.299706
-734.592816 13.780580
-689.549933 -458.075102
-467.928711 39.396479
389.135174 934.529274
887.259098 -404.892482
313.370555 -25.890305
39.590464 -307.770929
-273.834412 -34.964428
200.859366 558.432611
-257.535079 -774.455070
23.808708 7.531669
-448.603334 492.906573
427.239786 533.155477
-764.175157 585.239857
960.018934 266.711795
-38.926997 949.501133
-626.012367 680.934977
674.151884 -467.637677
760.544230 -377.942693
-75.354616 531.056732
-346.761313 780.320218
344.955619 -20.701673
552.871488 -166.532523
439.706589 131.467998
-33.243628 475.208856
245.772288 780.314522
350.182078 -462.431400
-298.879694 487.607250
494.722017 686.981551
134.188567 227.139711
252.694141 -980.692732
11.369236 323.860389
206.758161 -731.486431
-266.072107 -951.316084
-564.031895 167.031219
61.062085 -963.163436
562.522497 682.005545
54.915048 -570.306381
-889.247684 786.787068
-470.084177 -238.438898
-931.949030 -587.193351
742.522966 -568.152277
-964.010533 164.956196
-577.944097 106.307518
61.239690 -229.428634
927.318475 893.340787
-210.060378 -528.506491
-693.240808 -673.072816
-5.821421 -385.730853
-301.253560 -793.051805
432.358026 -19.958558
-936.747640 -593.414804
-750.187840 540.566982
12.049045 352.559613
664.727396 -585.996232
148.225277 -319.297309
802.019857 -149.565228
559.290250 -528.653451
52.327073 -612.118075
-984.818396 -697.189179
933.031706 644.232191
774.208815 257.081769
949.820424 -414.252984
298.753007 -799.143958
44.582032 -902.129286
-167.389757 -383.068728
472.677677 -454.120300
-724.816094 -679.687061
293.201802 -982.464352
-595.987505 548.629010
-241.281517 -213.154651
681.165289 -728.002653
448.628783 429.984063
-973.947837 -394.335604
-165.629181 847.676902
-879.229289 -218.471961
277.518997 803.239446
6.876289 -970.531448
-596.913607 189.958787
407.778949 -687.362994
511.798071 -447.568341
-546.184749 -302.526800
541.959949 -147.685782
-320.313062 -228.870615
-824.372155 36.434505
484.772356 945.059670
-666.511151 -431.691534
-510.179487 -648.953703
191.282901 -141.563510
-266.202433 -285.407855
978.335502 -825.501583
-470.480379 564.081767
-94.843949 -497.463630
-619.103937 706.588115
-755.278298 358.224647
-982.623634 -550.533890
614.807658 778.467580
838.701489 940.653336
531.165508 -116.572530
574.813770 -608.749561
108.860816 288.561761
437.940689 340.526572
21.046249 151.015858
-220.672065 443.858006
-89.416755 103.585176
-798.417215 709.630284
671.534037 402.402013
-516.219481 -695.303638
-248.416461 717.819900
-622.262264 505.962110
-76.053610 -558.429277
-250.152706 -186.818657
3.646138 817.462592
480.007490 -334.378127
482.407419 -757.901715
108.286248 -799.618865
897.831517 -364.077887
-368.379640 -237.331443
-955.479753 -857.667462
-395.275198 854.966847
371.218810 233.964149
485.156033 -843.479959
540.582692 -808.343057
367.860750 932.567129
700.235692 -398.790403
3.475519 365.114137
3.821454 -718.621600
581.529637 -358.081518
-510.450698 -463.886564
-557.116795 -897.399130
356.575021 -932.034693
87.704851 -211.270284
988.342311 -924.368712
996.445158 176.050300
-951.434247 85.477282
365.289582 -696.130152
-398.561724 -893.557662
323.895192 742.822630
582.622994 703.972973
461.363435 358.758148
-225.199602 -695.245172
223.668620 172.392297
-800.554965 651.145025
884.699590 -585.568411
139.729783 957.913303
869.046503 -263.976075
-516.432809 86.222044
972.939938 38.794408
-550.251742 995.443561
-305.344082 -729.238982
430.176641 -120.255892
-54.622706 518.369402
-386.641156 424.456318
-66.468668 205.701528
-472.088220 294.461972
791.308611 562.182772
-647.124892 -782.825985
-757.383677 -533.840892
-855.538329 115.416714
-404.950282 -151.475929
-237.124870 183.798957
970.786075 -921.550012
-876.957381 -965.256887
-382.193426 828.089242
-395.943580 -339.575456
-414.650394 739.837686
-679.744053 500.996715
-955.118640 150.875536
397.440956 -679.038659
-491.945673 450.369917
-522.742792 -708.739021
-67.187240 -358.448961
341.461379 -395.797166
873.428504 269.904649
123.317292 807.947621
-536.626698 475.427173
-432.085420 -976.047706
8.878982 147.368309
-237.552673 943.480714
-694.830140 46.960551
-235.423799 -495.323122
-445.987347 188.488871
714.093550 78.603277
168.801322 -699.659961
-202.554006 -282.235296
732.244502 -927.440589
-98.765274 332.035798
-445.335688 -727.790250
-654.449133 40.289389
-148.687756 -122.521034
-818.850620 880.200856
548.497259 970.678123
-863.040137 326.727580
-10.072063 728.621488
402.146449 573.500480
782.111126 898.585070
-234.938853 -171.454134
-435.324864 -738.300608
-504.970972 -515.452559
-818.247328 -870.653262
923.694234 613.795104
-446.779875 -431.788024
-945.390272 -508.134778
-682.021998 155.105511
439.020620 -832.001108
776.684356 -859.330295
326.404200 711.625794
-604.875988 511.388231
-74.500430 -191.793355
-551.550083 944.819866
-7.631594 542.172947
23.734940 -873.293030
-930.544126 213.762909
51.267347 730.201789
-895.137042 -878.344189
97.015386 897.181969
-551.623789 -45.158731
260.750403 -758.649944
-788.211483 379.374886
538.315581 -697.992029
694.700771 -670.514214
-369.826212 165.446750
219.047506 701.288355
-460.018401 -366.593676
-611.285777 -171.193160
580.936941 472.057241
610.547861 -370.232346
-112.704102 56.076365
-235.960518 -289.149578
575.276770 -692.906047
26.001354 431.026719
-812.465165 643.388878
871.204142 490.106180
981.040094 95.718378
-801.023145 -377.055199
-560.919134 -134.429010
-795.238018 118.267310
-629.791346 824.268121
-868.613140 -301.006621
-40.586088 817.759827
-43.703981 719.059995
-261.077925 -352.607710
15.456380 -674.364477
134.231578 -395.220870
-370.614919 -154.718936
898.089999 141.568330
991.633160 944.466929
250.816232 880.920054
-685.385866 943.675185
-146.576371 918.213957
251.267119 537.590455
679.108776 -928.321815
646.155918 750.587570
-542.622993 -141.407907
-713.684063 -513.829188
-920.410704 273.701169
375.311204 211.228067
288.505381 -797.495279
824.703451 -576.052531
104.046677 -528.446668
426.327268 884.886683
156.972197 84.972332
602.986923 879.217128
673.258516 16.860342
-687.561302 846.761216
-649.162471 24.910267
839.178830 -544.778470
265.855262 384.150427
-233.756590 -869.025012
393.036354 378.388944
-39.018802 -832.070517
-931.691376 -677.868067
964.654624 -413.243269
-122.193028 -553.181537
350.433027 -402.725032
482.382424 -530.261956
-336.564974 517.968632
536.308442 -712.350317
-512.716013 766.246953
919.367836 -983.670243
208.976981 -730.370028
86.517566 3.943938
595.030351 -166.108167
-459.325848 93.327630
720.223695 430.508926
823.157877 -480.646281
418.237733 87.459106
559.547528 795.923004
-178.192007 903.660757
-670.117013 -657.650677
-483.282831 -871.957971
687.574138 -122.768375
461.620055 -74.565943
415.214587 -709.885643
19.489514 861.609643
-767.669503 -96.047696
431.432384 387.450987
661.401910 -870.131411
786.606665 604.301250
106.864592 729.935344
985.521031 432.288293
-903.754213 557.507993
-525.859430 423.183349
-446.560090 -862.139137
951.982772 -178.613812
792.858218 -629.025055
345.338931 -799.793625
903.739687 -323.104097
240.527489 -440.443390
524.267041 -150.418060
-553.846199 -372.207045
-199.262792 -370.226802
-138.290338 -698.566826
847.524880 -384.353363
392.936545 351.967786
-99.865675 668.105924
-236.885371 562.485508
-522.533200 221.498255
-531.536689 585.512845
-7.524628 -172.415232
-396.788470 -345.070761
-56.626552 -732.557931
-683.319651 810.255748
-52.930245 -712.689554
-981.359000 -598.450083
877.579470 -958.920846
483.715730 446.506755
544.908084 899.837639
-790.191396 503.455590
-241.427012 -112.287772
-538.122651 980.931611
-45.428645 -217.493081
349.615231 -463.932689
379.796878 -563.718682
-371.945845 -346.685909
796.979949 424.288419
-295.302570 211.370563
-336.503058 765.448468
-844.678937 -459.690287
-569.959126 695.837810
685.249392 -537.941509
533.452545 -53.425654
799.101442 -149.215779
283.903041 148.196025
270.175318 -625.741149
-148.035287 861.159275
606.441096 -67.240680
-213.217620 924.965941
416.274951 -428.191509
-671.314806 309.693526
380.889716 154.810214
-572.128122 304.407269
-251.680971 536.074171
-362.281224 -534.861608
691.693006 475.972225
344.212406 -406.831095
-51.147990 843.790367
-501.425291 -395.414084
424.778965 -433.902875
-360.988144 582.016796
-143.304802 -331.497628
485.005687 998.026885
-475.102109 -403.621756
-463.004955 -886.868531
-137.833911 990.783667
561.822006 308.130552
856.164043 -157.805752
210.178940 996.545973
-823.316983 -144.095954
695.684954 249.903785
922.981456 326.056186
662.170044 -508.165901
663.171827 -246.175119
-149.154593 292.985609
495.914064 -81.589715
552.342011 -888.286231
550.009930 583.288633
-829.943509 486.135492
256.742886 314.225162
615.799450 -1.290918
525.138506 39.587035
-523.775628 -834.902724
-486.801134 -171.335574
-881.696505 -530.493977
607.116440 -84.954714
-666.378963 268.469964
-170.825757 -15.367024
-582.219038 678.247810
-390.374337 713.744710
521.458099 -5.707856
551.861533 -803.331566
-8.830204 756.996517
-115.345473 -507.506934
474.619662 -978.390664
-700.521383 451.085697
445.523780 289.017579
-904.745066 529.667685
123.292409 89.979142
783.985181 432.308617
978.409600 20.756577
350.970982 970.140432
-880.879756 413.764826
309.870898 232.230153
-774.692343 690.448834
-442.111557 -408.368878
-185.555917 -390.117323
609.069506 306.831951
659.808262 37.967922
624.933342 -589.172841
-717.662795 -488.455454
198.011357 -998.017545
-965.374402 -547.294942
432.162408 409.445248
-137.795160 -230.503229
271.351568 -564.573493
994.908068 -108.695237
947.153781 585.088346
-665.392406 619.948930
455.654852 -530.734982
504.841330 790.944343
326.401888 60.366983
-269.811478 -26.625354
-294.109390 96.849709
-319.745767 -77.650098
990.799722 -843.705289
-453.189395 -508.255269
734.379490 -845.523955
-413.779052 -102.544622
-110.380461 -609.826400
808.111526 -704.983920
-212.172307 -177.090614
-929.205490 -568.379029
-374.975234 -223.395713
-523.042085 -712.588352
644.325675 860.223411
-325.894289 937.973399
775.365974 411.135874
-414.007932 -45.326045
-462.982735 102.566550
580.930460 -503.051820
262.595384 -486.070812
486.859251 -911.069845
-861.365082 -489.660199
55.265811 572.700075
-988.691860 487.120188
387.730595 -228.558531
-866.241498 -956.888426
-137.930691 260.905239
180.450548 -764.289347
-354.391826 -889.754512
-60.474319 925.343701
225.528402 -735.354956
-26.274842 -156.262536
796.884278 39.668064
28.980611 636.292209
243.840504 -919.205908
823.865210 -87.418917
-282.802226 321.987503
851.985274 588.488641
409.237706 -851.052962
869.472895 632.574428
942.721317 147.094277
-445.377406 934.429481
700.141139 932.114722
1.982790 -818.771498
-644.479023 -646.208199
998.547914 732.499832
-670.788135 -331.838601
-435.339028 223.121431
-198.746961 863.813816
233.862627 -509.104811
844.509962 -883.029701
-246.699192 513.493833
-333.722740 415.555263
667.918065 -733.054884
906.935510 315.316106
996.774802 -576.219787
74.872961 -268.364318
-159.533603 -868.062233
375.737287 848.083816
-665.226360 426.424092
-280.452733 -559.993356
473.592627 698.743124
538.196337 -39.666921
-779.765394 -864.443001
668.770313 -53.923457
-36.525053 -785.386901
-171.834565 -71.886576
582.669813 -672.546679
546.627916 514.405560
-252.200067 -111.561394
-919.986110 356.141207
-368.042842 -52.243157
651.561354 -702.498909
468.249812 -491.138094
817.722746 -578.830543
-570.959598 784.123327
-522.563629 -370.456590
-516.131323 -892.605330
-462.853911 -294.939301
-396.212576 197.147076
139.970897 144.362704
-838.056068 315.604848
-928.050841 874.697548
-842.661744 -864.736089
-135.186996 221.369887
67.677184 668.277255
-707.451162 -598.452362
-10.705707 -696.464023
